1000014	1
10001478	1
10001551	1
10003254	1
1000477	1
10008086	1
10012271	1
10012421	1
10018391	1
10023559	1
1002452	1
10034987	1
10036249	1
10041857	1
10061009	1
10071119	1
10071397	1
10074602	1
1007558	1
10087095	1
10096792	1
10099888	1
10100413	1
1010242	1
10102581	1
10102809	1
1010338	1
10103520	1
1010940	1
1011426	1
10123248	1
10124193	1
1012583	1
1012691	1
1012895	1
10129919	1
1013131	1
10134825	1
1014484	1
1014639	1
10149317	1
10149453	1
10150931	1
10153235	1
10153970	1
101597	1
10162529	1
1017473	1
10176907	1
10178252	1
10179999	1
10180449	1
1018472	2
101924	1
10193030	1
10200352	1
1020539	1
10211848	1
10217559	1
1021834	1
10225447	1
10226006	1
10232293	1
10238618	1
10239152	1
10241822	1
10243387	2
1024355	1
10251511	1
10252755	1
10256663	1
10258336	1
10262420	1
10263251	1
10263977	1
10264372	1
10264377	1
1027283	1
10280728	1
10283677	1
1029021	2
10294443	1
10294707	1
10297692	1
10302140	1
10304755	1
1031148	1
10317189	1
10331953	1
10335193	1
10346273	1
10346860	1
10352213	1
10355206	1
10362054	1
10363037	1
103640	1
10364678	2
10365281	1
1036617	1
10373126	1
10383481	1
10384087	1
10384906	4
10387304	1
10390993	1
10392717	1
10395636	1
10398270	1
10406601	1
10411521	1
10416706	1
10417106	1
10417911	1
10419406	1
104250	1
10431172	1
10432817	1
10434821	1
10437461	1
10440985	1
10454853	1
10456845	1
10457196	1
10468616	1
10478532	1
10485182	1
10490291	1
10510181	1
10525320	1
10526058	1
10526877	1
10527465	1
10528	1
10528287	2
10532769	1
10533538	1
10534508	1
10535116	1
10535464	1
10535719	1
10545523	1
10545845	1
10547610	1
10550207	1
10552208	1
105538	1
10573163	1
10575680	2
10577541	1
10577784	1
10581418	1
10581580	1
10585956	1
10590038	1
10590692	1
10593364	1
10607256	1
10607636	1
10609846	1
10610482	1
10621196	1
10621468	1
10628463	1
10630723	1
10636508	1
10638597	1
10638711	1
10642609	1
10643341	1
10643695	1
10643810	1
10650502	1
10653693	1
10656683	1
10657268	1
10657357	4
10658486	1
10661536	1
10661984	1
10662294	1
10665748	1
10666587	1
10672341	2
10674441	2
10677584	1
10683147	1
10692401	1
10694601	1
10698270	1
10710522	1
10717291	1
10720001	1
10721506	1
10721586	1
10725397	1
10732706	1
10736013	1
107628	1
10764579	1
10768668	1
10775192	1
10777592	1
10784618	1
10787148	1
10788865	1
10792303	1
10806025	1
10828833	1
10835806	1
10842335	1
10846328	2
10851687	1
10852093	1
10859032	1
10859726	1
10870477	1
10889	2
10894722	1
10906528	1
1090764	1
10909829	1
1091832	1
1091875	1
10928857	1
10929586	1
10929872	1
10930874	1
10931680	1
1093220	1
10932521	1
1094178	1
10945216	1
10949644	1
109505	1
109589	1
1096084	1
10972334	1
10973455	1
109738	1
10974237	1
10974421	1
1097545	1
10981050	1
10987233	1
10992588	1
1099464	1
10995590	1
1099716	1
10998158	1
11010011	1
11012377	1
11012889	1
11018460	1
11021180	1
11039974	1
1104548	1
1104814	1
110506	1
11051885	1
11057719	1
11063639	1
11066377	1
11070320	1
11073109	1
11079245	1
11081628	1
1109143	1
110958	1
1109658	1
11103721	1
11111521	1
1112560	2
11126880	1
1113080	1
11136429	1
1114587	2
11147328	1
11155956	1
11157871	1
11163727	1
11163915	1
11165856	1
11167829	1
11176329	1
11183488	1
11189139	1
11189753	1
11192207	1
1120027	1
11208418	1
1121193	1
11231506	1
1123923	2
11246260	1
1124797	1
11249746	1
11254580	1
11257635	1
11265131	1
11273539	1
11276922	1
112793	1
11279303	1
11280333	1
112879	1
1129218	1
11297009	2
1130454	1
11306420	1
11308483	1
1131081	1
11312158	1
11313668	1
11313778	1
1132207	1
11330223	1
11330638	1
11333699	1
11339193	1
11340369	1
11342593	1
11353904	1
11363157	1
11366961	1
11371978	1
11375556	1
11385753	1
11386273	1
1138692	2
1139222	1
11395220	1
1139574	1
11418277	1
1141935	2
11430355	1
11430909	1
11440643	1
11443640	1
1144415	1
1144721	1
11457317	1
11457662	2
11460768	1
11461795	1
11461854	1
1146744	1
1146958	3
1147345	1
11473727	1
11481	2
11483903	1
11490872	1
11492501	1
11494077	1
1149419	1
11494661	1
11495235	1
11503864	1
11505536	1
11508018	1
11512483	1
11512676	1
11512908	1
115157	1
1151818	1
1151987	1
11523254	1
11526701	1
11528	1
115307	1
11538076	1
11539672	1
1153993	1
11540028	1
11542120	1
11552512	1
115560	1
11557572	1
11570627	1
11576459	1
11598359	1
11599506	1
11600691	1
11603608	1
11607949	1
11610321	1
11611239	1
11623750	1
11630571	1
1163315	1
1164642	1
1165231	2
116599	3
11661229	1
11668649	1
11669123	1
11671329	1
11673798	1
11674823	1
11674837	1
11675390	1
11675431	1
11691665	1
11706506	1
11708656	1
11710466	1
11721588	1
1172202	1
11722972	1
117236	1
11725608	1
117287	1
11732741	1
11733037	1
1173599	1
11741773	1
11747009	1
1174963	1
11753837	1
11757212	1
11762397	1
11764444	1
11774035	1
11774081	1
11774630	1
1177497	8
11778114	1
1177947	1
11790431	1
11793333	1
11796166	1
1182294	1
11825464	1
11827364	1
11837926	3
1184442	1
11845040	1
11847492	1
11861244	1
11876825	1
1187935	1
11894522	1
118971	2
1190088	1
11910223	1
1191142	1
11915544	1
1191562	1
11917311	1
1192424	1
1192610	1
1193933	1
1194377	1
11947308	1
119510	1
1195295	1
119588	2
11975	1
11976770	1
11981562	1
11982812	1
11983859	1
119900	1
11998560	2
1200603	1
120223	1
120291	1
120335	1
1203500	1
12057272	1
12058474	1
12059266	1
120623	1
1207399	1
12082653	1
1208402	1
12092726	1
12098551	1
1210541	1
1212041	1
12120448	1
12123995	1
12126255	1
12129877	1
12140561	1
12145783	1
12157737	1
1215949	1
1217241	1
1217923	1
12186466	1
12190039	1
1220404	1
1220414	1
12220316	1
12221	2
12223914	1
1223359	1
1223568	1
12245536	1
1225787	1
1226950	1
1228080	1
12290324	1
12291588	1
1229358	1
12294891	1
1229984	3
12320096	1
1232988	1
1233267	1
12337318	1
1234405	1
12346795	1
12348871	1
12358955	2
12360441	1
1236070	1
12366541	2
1236817	1
12384418	1
12385603	1
12386614	1
12394900	1
12399023	1
1239959	1
1240820	3
1242765	1
1243192	1
124345	1
124352	1
124357	2
12446529	1
12449641	1
12461367	1
12465884	1
124797	1
12483101	1
12508991	1
12511213	1
12515888	2
12516367	1
1251762	1
1253125	1
12533228	1
1253739	1
1254489	1
12556197	1
1256874	1
1257309	1
12575621	1
1257760	1
12577771	1
12579916	1
1258363	1
125857	1
12586492	1
12587147	1
12608261	1
1260921	1
12616627	1
12620213	1
12622830	1
1262622	1
1263176	1
12637520	1
12641005	1
1264655	1
12649246	1
126607	3
1267021	3
1267900	1
1268505	1
1269455	1
12718658	1
12732385	1
12732806	1
1273385	1
1273825	1
1274269	1
12750945	1
12760201	1
127608	1
1276497	1
12773532	1
12774721	1
127772	1
1278802	1
12795393	1
12796040	1
12806055	1
128256	1
12834599	1
1283991	1
12851900	1
1286275	1
1286417	1
12864943	1
128663	1
12872352	1
12872812	1
12878653	1
1288460	1
128890	1
128920	1
1289936	1
12899510	1
1290508	1
12921356	1
1292205	1
1292250	1
129352	1
1294674	1
12949460	1
1295416	1
12958562	1
12967572	1
12972780	1
1297675	1
1301613	1
130216	1
1303029	1
1304097	1
13063145	1
1306587	1
13067214	1
13068601	1
1307773	1
1308282	1
1308525	1
130901	1
13094498	1
131014	1
1311398	1
1311870	1
13125226	1
13125674	1
13132515	1
1313306	2
1314834	1
13148521	1
13156191	1
13156754	1
1315849	2
13165300	1
1317343	1
1317588	1
1318137	2
1319462	1
13207016	1
13208084	2
1321170	1
132132	1
1321504	1
132244	1
13225047	1
1325961	1
13262455	1
13272957	1
13295673	1
13304615	1
1330500	1
13314076	1
13314736	1
1331493	1
1331850	1
1332108	1
13322169	1
13322259	1
13337141	1
13345581	1
13347139	1
13347167	15
1334808	1
13360423	1
1336370	1
1336542	1
13373889	1
1338262	1
13384586	1
1340007	1
1340205	1
13408910	1
134355	1
1343630	1
13451102	1
1345452	1
1345611	1
1345769	1
1346437	1
1347034	1
1348494	1
13486605	1
13496782	1
13497325	1
13499885	1
13501034	1
13503154	2
1351409	1
13530123	1
13535952	1
1354758	1
1354796	3
1356046	2
13561307	1
135619	1
13574223	1
1358245	1
1358312	1
1359519	1
1359611	1
13596820	1
1360043	1
13601944	1
1360198	4
1360296	1
13604945	1
13611255	2
13617251	1
13617520	1
13621509	1
136227	1
1362808	1
13632182	1
1363434	1
136352	1
13637847	1
1364042	2
13649613	1
1366194	1
1366270	1
1366310	2
13664226	1
13664245	1
13670148	1
1369577	1
136962	1
1370358	1
1370474	1
1372779	1
1372786	1
137292	1
13736818	1
137432	1
13749425	1
13759034	1
1376385	1
1376778	1
13773574	1
137814	3
13788158	1
13789963	1
13792543	2
13795689	1
13795760	1
137974	2
1380060	1
138069	1
1380703	1
1381171	1
13811875	1
1382749	1
13829968	1
13830544	1
1384111	1
1384256	1
1384559	1
1385157	4
1385575	1
138579	1
1386685	1
1386983	2
13871213	1
1387286	1
1387370	1
13888072	1
13903103	1
1390555	1
13908017	1
1390947	1
13917921	1
1392440	1
13931194	1
13933851	1
13934498	1
13937830	1
1394190	1
1394669	1
1394719	1
139612	1
1396183	1
1396546	1
13968910	1
13969061	1
1397061	1
1397115	1
13974214	1
1397883	1
1398639	1
139874	1
1398809	1
140025	1
1400369	1
14011859	1
14019268	1
14019963	1
14020493	1
1402454	1
1402817	1
1402951	1
1403769	1
14058714	1
1406458	1
1406773	1
1407251	1
14081811	1
1408733	1
1408973	1
14103991	3
1410714	1
1411399	2
14120733	1
1412944	1
1413098	1
14133008	1
1413546	1
1415489	1
1415590	1
14163479	1
1417166	2
1417489	1
14174901	1
14176488	1
1417757	1
14197781	1
1420300	1
14204809	1
14214034	1
142147	1
1423613	1
1423798	1
14262697	1
142684	1
14269155	1
1427243	1
1427381	2
142833	1
14285627	1
14289427	2
14290739	1
14291250	1
14295613	1
1429642	1
1430128	1
143027	1
143048	1
1430695	1
14317804	1
14325632	2
1433395	1
14337132	1
14343538	1
1434654	1
1434931	1
14361027	1
14362628	1
1436404	1
14369316	1
14380456	1
1439449	1
14399467	1
1440691	1
1442412	1
1442768	1
1443121	1
14435551	1
14441566	1
1444304	1
1445298	1
1446751	1
1447684	2
1447988	1
1448432	1
1449904	1
14509754	1
1451417	1
1451702	1
1451723	1
14518375	1
1452026	1
1454655	1
14554858	1
1455825	1
145609	1
14565422	1
1457351	1
14582705	1
14586041	1
14601436	1
14611970	1
1461630	1
14636480	1
14641776	1
1464358	1
1465030	1
1465539	1
14655604	1
14680576	1
1468247	1
1468317	1
1468658	1
1468667	1
1469036	1
146944	1
1470471	1
1470688	1
1471384	1
14720647	1
1472225	1
14723162	1
14724243	1
1473507	1
14736455	1
147388	1
1474071	1
1474508	1
1474637	1
1474749	1
1475015	20
14751	1
1475866	1
14759766	1
14763882	1
1476954	1
1479666	1
1481172	1
1482208	1
1482460	1
1483081	1
1483320	1
1483464	1
148545	1
1486034	1
14861483	1
14864202	1
1486465	1
1486623	1
1487126	1
1488809	1
14892152	1
14898658	1
14902860	3
14906518	1
1490696	1
1490833	1
14908606	1
14911623	1
1491538	1
1492339	1
1492619	1
14932802	1
14933223	1
14935685	1
1495090	1
1495141	1
1495196	1
1495502	2
1495881	1
1496847	1
14970988	1
1497427	1
14975379	1
1498424	1
1498951	1
14990573	1
1499286	1
149929	3
1499484	1
15002363	1
1500487	1
1500550	1
15009272	2
15010803	1
1502469	1
15029400	1
1503831	1
1504257	1
15049157	1
1505217	1
15055035	1
1506795	1
1507336	1
15081041	1
15082988	1
15089968	1
1509416	1
15099550	1
15100977	1
15102869	1
1512462	1
1513294	1
15134522	1
15141764	1
15145088	5
15153596	1
151654	1
1517723	1
15178288	1
15179425	1
15182886	1
15185319	1
15198359	1
1521432	1
1521508	1
1521604	1
1522929	1
1523018	1
1523610	1
1525582	1
1525761	1
15265839	1
15266695	1
15271110	1
1527535	1
1528912	2
1530106	1
1530310	3
15303460	1
15310896	1
15310997	1
1531465	1
15318802	1
15341073	1
15341568	1
1534243	1
153494	1
15355526	1
15356877	1
1535732	1
15358791	1
1535987	1
1536441	1
1536533	1
153675	1
1537501	1
15384170	1
1539749	3
15414317	1
15430260	1
1544485	1
15445130	1
1545977	1
15476280	1
15478980	1
15492140	1
1550578	1
155163	1
15518085	1
15523	1
15542183	1
15543098	1
1555897	1
15559190	1
1556814	1
155689	1
15569250	1
1557383	1
15579200	1
1557998	1
15581137	1
1558222	1
15613241	1
1561505	1
1562039	1
1562045	1
1562642	1
1563352	1
15636404	1
15638528	1
15639713	1
15646137	1
1566042	1
15667008	1
15674437	1
15681707	1
1568517	2
15688520	2
1568951	1
15689833	1
15697051	1
1570170	1
1570348	1
15718962	1
1572271	1
15733420	1
15735446	1
15740819	2
15742	1
15743167	1
15767190	1
1577493	1
15778597	1
157795	1
1577961	1
157798	1
15783686	1
1580799	1
15815237	1
158284	1
1583594	1
1584064	1
15853337	1
15859636	1
1586945	1
1587234	1
1588656	1
15890334	1
1589909	1
159011	1
15904341	1
1590548	1
15908653	1
159370	1
1594083	1
15960720	1
159726	1
1597481	1
159780	1
15991	1
15998942	1
16003147	1
1600541	1
1600988	1
1601416	1
1601577	1
1601664	1
1602568	1
160337	1
1603942	1
160565	1
1606222	1
16067583	1
16069319	1
16069958	1
16092773	1
16100913	1
16106756	1
16107699	1
16108191	1
1610852	1
16108973	1
16109802	1
16114134	1
1613244	1
16142344	1
16151285	1
16152979	1
1617817	1
16209547	1
1621363	1
16217769	1
16245414	2
16245979	1
16251030	1
16254543	1
16257970	1
16258619	1
16264357	1
16266298	1
16279457	1
16286162	2
16288210	1
16288928	1
16304160	1
16305093	1
16306708	1
16307118	1
1631288	1
1631330	1
1631400	1
1631733	1
16319729	1
1632149	1
16329859	1
1633100	1
16345041	1
16376419	1
16379550	1
16383743	1
16385595	1
1639120	2
1639277	1
16395150	1
16396714	1
1639884	1
16399575	1
16425715	1
16430857	1
16433878	1
16437254	1
1643782	1
16442583	1
1644452	1
1644999	1
164534	1
164675	1
1646926	1
16477306	1
164781	1
1648054	1
1649108	1
1649300	1
16499705	1
16500110	1
1650330	2
16509287	1
16512899	1
16514175	1
1651591	2
16516195	1
16525423	1
16534981	1
16536815	1
16545323	1
1655939	1
16566615	1
1657228	1
16572580	1
16572957	1
165789	1
16580725	1
16583238	1
16591767	1
16593547	1
16596651	1
1660724	1
16608415	1
1661965	1
16622685	1
16628226	1
16641600	1
16677326	1
16678513	1
16680791	1
16680861	1
16683574	1
1668930	1
16713474	1
16718001	1
1673136	1
1673750	1
1674102	1
167417	1
16751902	1
1675255	1
1676487	1
1676600	1
16777963	1
16782573	1
16789954	1
16790098	1
16800	1
1680375	1
16805656	1
1681546	1
16826094	1
16834792	1
16838156	1
168417	2
168525	2
16872923	1
1687335	1
16874459	1
16879147	1
16883036	1
1689040	1
1690569	1
16914467	1
16916853	1
16926937	1
16942970	1
16947051	1
16948705	1
16962600	1
16968100	1
16968641	1
16974369	1
1697784	2
1698391	2
169843	1
16989237	1
169927	1
17000648	1
17001535	1
17003476	1
17015217	1
17018997	1
17032761	1
17036912	1
170510	2
17051201	2
1705205	1
1705617	1
17087544	1
1708956	1
1709216	4
1709717	1
1711529	1
17125263	1
17130308	1
17130866	1
17132728	1
17151343	1
17153037	1
17156530	1
17157906	1
17159358	1
17161465	1
17169449	1
17170345	1
17171419	1
171851	1
17190169	1
17196239	1
17198795	1
1720071	1
1720619	1
17206543	1
17208512	1
17218916	1
17224426	1
1723222	1
1723485	1
17241205	1
17243187	1
17247205	1
17256091	1
17266994	1
1726966	1
17272284	1
1728785	1
17289499	1
17292935	1
17299359	2
17315514	1
17318747	2
1732005	1
1732559	2
17339848	1
17347275	1
17347754	1
17389236	1
173980	2
173997	2
1740216	2
1740233	1
174025	1
1740784	1
17430718	1
1745312	1
1745402	1
17456385	1
17457445	1
1746209	1
1746432	1
1746811	1
1747222	1
17475146	1
17477908	2
17479416	1
17527788	1
1753078	1
1755097	1
1755339	1
17568735	1
175694	1
17571	1
1758019	1
17592620	1
17601262	1
17604079	1
17616305	1
17618198	1
1763458	1
17658078	1
17671787	1
17681072	1
17682043	1
17682312	1
176836	1
176903	2
17711637	1
17719747	1
17730490	1
17737666	1
17739111	1
1774431	1
177536	1
177712	1
177724	1
17773625	1
17781037	1
17791294	1
17791467	1
178043	1
17820079	1
17820464	1
17842194	1
17845064	1
1785016	1
178551	1
1785800	3
17866326	1
1786901	1
1787284	1
17874864	1
178784	1
17885257	1
17891224	1
17891677	1
179020	1
17906693	1
17920050	1
17920926	1
1792568	1
179296	1
17930	1
17943391	1
17953139	1
179679	2
1797637	1
1797859	1
17985	2
18007776	1
180083	1
18008945	1
18018059	1
18032197	1
1803302	1
18038832	1
180416	1
18041691	1
18051675	1
181167	1
1812871	1
181376	2
1816331	1
18174	1
181756	1
1818792	1
1821771	1
1822729	1
1828506	1
1830890	1
1832751	1
1834769	1
1834942	1
1840564	1
1840766	1
184110	1
1841580	1
1842714	1
1845333	1
1846051	1
184883	1
18566028	1
1856604	1
185753	1
1859395	1
185978	1
186084	1
1862491	1
1863447	1
1863713	1
1865527	3
1866033	1
1866728	1
1866827	1
1869332	1
1869567	1
1873589	1
1874429	1
1879389	2
1884204	2
1887999	1
18946	1
1895793	1
1895957	1
1896642	1
1900800	1
1903758	1
190409	2
1906150	1
1906804	1
1908073	1
1908631	1
1910452	1
1925503	1
192750	1
1928213	1
1929442	1
1930204	1
1931205	1
193360	1
1935291	1
1935605	1
193637	1
193722	1
1939680	1
1939728	1
19402	1
1947974	2
194918	1
1949282	2
195137	1
195168	1
1952186	1
195783	1
195932	1
1960128	1
1960189	1
1964249	1
1965972	1
1967871	1
1968502	1
1970839	1
1971142	1
197156	1
1974637	1
197755	1
1981742	1
1982209	1
1985717	1
1985759	1
1989327	1
199392	1
1995093	1
1996265	1
1998676	1
2001830	1
200243	1
2005740	1
2006712	1
2009585	1
2010724	3
201297	1
2013117	1
2014720	1
2015914	6
2017752	1
2018042	1
2019832	1
2020556	1
2021121	1
202249	1
2024924	2
202507	1
2027013	6
2027134	1
2034361	1
2035472	1
2042864	1
2044302	1
204539	5
204724	1
2047776	1
2050328	1
2050338	2
2051075	2
2051961	1
2052364	1
2055073	1
2058589	1
2059155	1
2061760	1
2065453	1
207124	1
2074433	1
2076827	1
2078796	1
2082345	1
2085639	1
2087636	1
2090668	1
209460	4
20950	1
209647	1
2096690	2
2100968	1
2102889	1
2103888	1
210746	3
2107905	1
2108853	1
2110601	1
2111060	1
2116807	1
2117078	1
211877	1
21188	1
2119276	6
2120259	3
21207	1
2120889	1
2124690	1
212572	1
212722	1
212738	1
2127723	1
2128778	2
213020	1
2132620	1
213266	1
2135948	1
2140820	1
2141109	1
214148	1
214287	1
2147438	1
21475	1
214794	1
2148881	1
2151325	1
2153455	1
2155360	1
2155832	1
2155917	1
215764	1
216191	4
2164138	1
2164452	1
2165401	1
2165711	1
2168251	1
2168468	1
2169825	1
2172525	1
2175110	1
2177462	1
218404	1
2184470	1
21904	1
2195782	1
2196224	1
2199502	1
2203885	1
2204078	1
2205455	1
2206506	2
2208993	2
2213809	1
2214774	1
2216673	1
221873	1
2219255	3
2220859	1
2228665	1
2229582	1
2230103	1
2233165	1
2233907	1
2237267	1
2240143	1
2243431	1
2246071	1
2246253	1
2248545	1
22486	6
2248897	1
2252261	1
2257289	1
2257960	1
2259061	1
2259113	1
2261381	1
2261678	1
2265389	1
2265770	2
2266169	1
226697	1
2267153	2
2267508	1
2267864	1
2268393	1
2269517	1
2270183	1
2270624	1
2272846	1
2273886	1
2274545	1
2275401	1
2275829	1
2276842	1
2277487	1
227908	1
228012	1
2282355	1
228583	1
2285974	1
2286224	1
2287727	1
2291000	1
2293050	1
2294061	1
2297544	1
2298239	1
2301618	1
2301624	1
2305477	1
2306962	1
2308616	1
2311767	1
2316542	1
2316922	1
2317686	1
2319102	1
2321321	1
2321783	1
2321870	1
2323652	1
2325861	1
23276	1
2332430	1
2332618	2
2333018	1
2333304	1
2333904	3
2334269	1
2335233	1
2335775	1
2335804	1
2338762	1
2339722	1
2341078	1
2343136	1
2347382	2
2348973	1
234918	1
2349977	1
2354167	1
2355439	1
2356449	1
2357027	1
2360794	1
2361715	1
23619	1
2362862	1
2363988	1
2363997	1
236421	2
236655	1
2368133	1
2368753	1
2369681	1
2371814	1
237329	1
2373697	1
2373905	1
2374190	1
237477	1
2377104	2
2378357	1
2382189	1
2382974	1
2389494	1
2389885	2
239208	1
2393537	1
2396295	1
2396741	1
2397411	1
2397437	1
239829	1
240048	2
2400932	2
2401823	1
240360	1
240427	2
240471	1
2407024	2
2413155	1
2413714	1
241593	1
2416036	1
2420592	1
2420670	1
2423042	1
2423067	1
2423401	1
2424873	1
242506	3
2426404	1
2426779	1
2427385	1
2427868	1
2429432	1
2431528	1
2436633	1
2438262	1
2440317	1
244071	1
2442340	1
2442348	1
2443535	1
2446219	2
2448006	1
2450605	1
2450665	1
2455462	1
245881	1
2459648	1
2462260	1
2462590	1
2468616	1
2471671	1
2472305	1
2472358	1
2472680	1
247432	1
2478675	3
2480939	1
2483236	1
2483293	1
2483766	1
2484383	1
2484654	1
2487309	1
2487319	1
248739	1
2490471	1
2490915	1
2490963	1
2492286	1
249372	1
2494666	1
2495668	1
2495836	1
2496464	1
249753	1
2498724	1
25100	1
2510744	1
251176	2
2513726	1
2515124	1
25183	2
251842	1
2518984	2
2519356	1
2521513	1
2521848	1
2522854	1
252361	1
252365	1
2528671	1
2529788	1
2530670	1
25326	1
2533026	1
2533833	1
253385	1
2533991	1
2534076	1
2538544	1
2539525	1
2542888	1
2542895	1
2543761	1
2548224	1
254846	2
2553182	1
2554853	1
255583	1
2556498	1
2556784	1
2559004	5
256161	5
256239	1
2562882	1
2563132	1
25632	1
2571	1
2572253	1
2574806	1
2576980	1
2577135	1
2577615	1
258164	1
2582890	1
2588427	1
2589521	1
2590219	1
2590864	1
2594389	1
2597159	1
2604437	2
2605064	1
260709	1
2609535	1
261530	1
2617850	1
2618273	1
2620162	1
262138	1
2621935	1
2624738	1
262812	1
2630351	1
2631234	1
263414	1
263500	1
263510	1
2635819	1
2637408	1
2637874	1
26394	1
2640100	1
2640845	1
2641574	1
2644519	1
2645592	1
2647043	1
2648088	1
264928	1
265109	1
265152	2
2653156	1
2653648	1
265525	1
2656209	1
2656413	1
2657134	1
266210	1
26640	2
266878	1
2671491	1
2673168	1
2674637	1
2675913	1
267593	1
2675998	2
2676438	1
267955	1
268014	1
2680820	2
2681844	1
2682735	1
2684478	1
2687009	1
2687435	1
2687920	1
2693076	1
2694253	1
2694451	1
269710	1
2698515	1
270064	1
2702563	1
2706505	1
2707053	1
2707940	1
2712129	1
2712353	2
2712998	1
2714164	1
2715012	2
2715062	1
2717428	1
2719126	1
272006	1
2723812	1
272730	1
2731594	1
273174	2
2733465	1
2737373	1
2739024	1
2739598	1
2740824	1
274557	1
274702	1
274782	1
2750389	1
2753256	1
275459	1
275563	1
2755668	1
275578	1
275582	1
275744	1
2757621	1
276291	1
2765234	1
2765870	1
2766490	1
2768182	3
2770596	1
2770788	1
2770985	1
2773585	1
277379	2
277394	1
2775107	1
2775674	1
277747	1
2777672	3
2780717	1
27848	2
2786764	1
2787	1
2788488	1
2790324	1
279078	2
2793778	1
279797	1
279845	2
2798644	1
2805766	1
2805772	1
2806561	1
2808971	1
281229	1
2817397	1
281764	1
2818232	1
2822805	1
282315	1
282655	1
2828813	1
2829145	1
282927	1
283215	1
2834840	1
283604	1
2837527	1
2838861	1
2839267	1
2840710	1
2841152	1
2841175	1
2841374	1
284224	1
2843987	1
2843998	2
2845	1
2847655	1
2851409	1
2861848	1
2861854	1
2862643	1
286313	1
2868153	1
287122	1
2873394	2
2874433	1
2874587	1
287733	1
2878358	1
2879920	2
288031	1
2885147	1
2885704	1
2886652	1
288711	1
2888900	2
289135	1
289653	1
2897329	1
2897835	1
2899508	1
2899693	1
2902266	1
290662	1
2908554	1
2910509	1
291112	1
2918667	1
2919467	1
2920855	1
2920976	1
292204	2
292630	1
2926404	1
2926593	1
2927446	1
2929585	1
2929756	2
293130	1
2932668	1
2933058	1
293394	1
2934010	1
2935265	2
2937468	1
2938302	1
2941712	1
2943157	1
295128	1
2954200	1
2954680	1
295760	1
2957827	1
2960326	1
2961266	1
2965915	1
2966937	1
297176	2
2973437	1
297769	2
2977901	1
2979607	2
2981156	1
298914	1
2989617	1
2992042	1
2994135	1
299755	1
3002643	1
3003533	1
3003563	1
3007815	1
3008690	1
3010682	1
3011406	1
3011547	2
3016371	1
30193	1
3019795	1
3020145	1
3024659	1
302772	2
302936	1
3029414	1
3030031	1
3033622	1
3034421	1
3038687	7
303882	1
303939	4
3039868	1
3043126	1
304493	1
3047107	1
3050955	1
305132	1
3053578	1
305395	1
3053987	2
3055496	1
305591	1
3056690	1
305972	2
306394	1
306545	2
3065891	1
306605	2
306739	3
306825	1
3069794	2
3073291	1
307962	1
3086048	1
308652	2
3088389	1
308875	2
3091205	1
309329	1
3097033	1
3102648	1
310458	1
310670	2
3106826	1
311286	3
3114411	1
3117671	1
3119145	1
3120156	1
312288	2
3126588	1
312722	2
3129017	1
3129020	1
3130534	1
3130728	1
3130819	1
3131199	1
313317	1
3136117	1
3136147	1
31374	2
314256	1
314377	1
314582	2
314941	3
315401	1
315606	1
315654	1
3158364	2
3158530	1
315918	1
3159197	1
3166165	1
3166753	1
317692	1
317809	1
3179866	1
3179895	1
3179968	1
3180741	1
3181226	1
3181665	1
318435	1
3185905	1
3187531	1
3187645	1
319077	2
319092	1
3194190	1
3196987	1
3198479	1
3199395	1
3200135	1
3201337	1
3202825	1
320284	1
320285	1
320422	1
32045	1
320450	1
320538	1
3206521	1
320761	1
3211592	1
32169	3
3217480	1
321756	1
321934	1
3225114	1
322716	3
322884	1
3228992	1
3229099	1
322934	1
32294	3
3233986	2
323517	2
3235547	1
3237504	1
3237558	1
3239771	1
3241305	1
324460	1
3245431	1
3245898	1
3247050	1
3250450	4
325389	1
325455	1
3257486	1
325790	1
3259274	2
3260084	1
326150	1
3262771	1
326329	1
3267818	1
32704	1
3270460	1
3272526	1
3274316	1
3274376	1
327673	2
327900	1
3280997	1
3289988	1
3290436	1
3291022	1
3293368	1
329436	2
3294551	1
3298062	1
3301845	1
330347	1
3312204	1
3312524	1
331328	1
3315563	2
3317183	2
3319410	1
3320650	1
332189	1
3321910	1
3323488	2
3323929	1
3327668	1
3330412	1
3330459	1
3336010	1
3339701	1
3341426	1
3343848	1
3349838	1
3351261	1
3351317	1
3355679	1
3360223	1
3361696	1
3363720	3
3363749	1
3370705	1
337159	1
3371859	1
3375455	1
3376141	1
3377231	1
33816	1
3383354	1
338454	1
3388950	1
3389163	1
3390362	1
3392287	2
3395227	1
339586	1
3398752	1
3403890	1
3404680	1
340692	1
3411621	1
3416555	1
3417321	1
3417714	1
3419446	1
341981	1
342054	1
3425965	1
342599	1
343250	1
3432742	1
3435970	1
3447309	1
3447539	1
3458692	1
3458785	1
3462232	1
3463555	1
346356	1
346366	1
3467798	1
347036	1
3470583	1
3472148	1
3475005	2
347642	2
3480879	1
3481965	1
3483450	1
3483960	1
3490818	1
3491890	2
3493470	1
3496628	1
3502638	1
350553	1
350702	1
352168	1
352230	1
3526444	1
3530446	1
3531317	2
35375	1
3538661	1
353965	1
3540041	1
3540714	1
3541525	1
3541594	1
3542562	1
354330	1
3543836	1
3546135	1
3547817	1
354887	1
3549531	1
355548	1
3558158	1
3561489	1
3562322	1
3562864	1
3563304	1
3569392	1
3571821	2
3576466	1
3577509	1
3577848	1
3578009	1
3578480	1
3579116	1
3579337	3
3587751	1
3588028	1
3588693	1
35935	2
359447	1
3595395	1
3597177	1
3597769	2
3598306	1
3599914	1
3604585	3
3605606	1
3606458	1
3608781	1
3609048	1
3609524	1
361855	2
3619427	1
3621183	3
3625735	2
3627104	1
3627583	1
3630531	1
3636235	1
363834	1
3640784	1
3641304	1
3642035	1
3642625	1
364351	1
3644693	1
364499	1
3647	2
364955	1
365153	1
3655542	1
3659439	1
3662459	1
3663033	1
3665164	1
3665794	1
3666608	1
3672774	2
3673451	1
3675389	1
367815	2
3684360	3
368528	1
36897	1
3689829	1
369015	1
3691863	1
3695778	1
3696460	1
3707465	1
3709510	1
3710931	1
3711499	1
3715319	1
3716641	3
3717536	1
3718361	2
3726131	1
3726366	1
3729726	1
373085	1
3730928	1
3731320	1
3737582	1
3738130	1
3740730	1
374305	1
3750402	1
3752523	1
3757699	1
3758251	1
3759301	1
376084	1
3765042	1
3767367	1
3771272	1
377151	1
3771963	1
3772684	2
377287	1
377361	1
3775799	1
3778274	1
3779334	1
3787686	1
37879	1
3793026	1
3798686	1
3801683	1
3805320	1
3805397	1
380728	1
3813161	1
3814039	1
3815537	1
3831783	1
3839667	1
3840659	1
3841446	1
3842134	2
3847832	1
38513	1
3864301	1
3864482	1
3880974	1
3881345	1
3882661	2
3883580	1
3883648	1
3886532	2
3889301	1
3889339	1
3889383	1
3891399	1
3891436	1
3891706	1
3898812	1
389924	1
3899946	1
390251	2
3902832	1
3905432	1
3905456	1
3906249	1
3912009	1
391325	1
3916070	1
3920171	1
3920265	1
3920522	1
39260	1
3929012	2
39304	1
3936154	1
3941862	1
394752	1
3948178	1
3949235	1
3952560	1
3955766	1
395609	1
3956850	1
3959655	1
3963008	1
3963645	1
396433	1
3964453	1
3964655	1
3965911	1
396599	1
3966721	1
3967827	1
3968209	1
3976338	1
3977494	1
3977693	1
3980927	1
3981706	1
3983140	1
3992566	2
3994331	1
4000059	1
400262	1
4007393	1
40100	1
4015459	1
401696	1
4018660	1
4022922	1
4025188	1
4025280	1
4027283	1
4028092	1
4028305	1
4030621	1
4034995	1
4036685	1
4036700	1
4040811	1
4041877	1
4042938	1
404424	1
4044499	1
4044889	1
4045120	1
4045167	1
4048448	1
4049527	1
4051126	1
405225	1
4059034	1
4061660	1
4064804	1
4065620	1
4066797	1
4067211	1
4069241	1
4070269	1
407078	1
4074918	1
4076876	1
4079140	1
4080758	1
4081688	1
4083145	1
4083654	1
4085497	1
4086839	1
4089511	1
4092307	2
4094151	1
4096786	1
410094	1
4103779	1
4103952	1
4105376	1
4105474	1
4106680	1
4107826	1
4110491	1
4111640	1
4112404	1
4112902	1
4113132	3
4118217	1
4119331	1
4119683	1
4119786	1
4123046	1
4125000	1
412783	1
4128399	1
4129805	2
4130492	1
413336	1
4135221	1
4137875	1
4139790	1
4142684	1
414627	1
4147380	1
4147608	1
4148114	1
4148248	1
4153233	1
4153591	1
4156449	1
415660	1
4158086	1
4160421	1
4160649	1
4165498	2
4166168	1
416918	1
417100	1
4173419	1
4173868	1
417504	28
417652	1
4182834	1
418289	1
4183222	1
4184612	1
4185064	1
4185135	2
4185151	1
4185342	1
4185984	1
4186145	1
4191006	1
4191076	1
4191209	1
4192794	1
4194142	1
4194894	1
4195861	1
4202236	1
42032	1
4204890	1
420542	1
4210082	1
4211266	1
4224309	1
4224513	1
422561	1
42273	1
4230317	1
4231668	1
4232762	1
4233003	1
4233030	1
4233288	1
4233879	1
4237535	1
4238591	1
4241831	1
4241953	4
4243849	1
4249297	1
4250697	1
4252490	1
4252788	1
4254072	1
4254417	1
425506	1
4255199	1
4255290	1
4255319	1
4259154	1
4260529	2
4265028	1
4265697	1
4265753	1
4266017	1
4267089	1
426725	1
4271822	1
4272748	1
4274268	1
4274857	2
4275254	1
4276374	1
4279005	1
4279827	1
4281123	1
4281957	1
4282125	1
4282318	2
4284154	1
4289240	1
4289709	1
4291837	1
4294396	1
4298156	1
4298167	1
4298896	1
4299040	4
4299288	1
430188	5
4303726	1
4306950	1
430826	1
4310378	2
4311243	1
4311270	1
4313683	1
4314535	1
4317067	1
4319841	1
4320908	1
4323625	1
4324286	2
4324767	1
4327300	1
4328005	1
4330726	1
4331441	1
4331864	1
4334757	1
4335080	1
4336760	1
4341057	1
4344588	1
434473	1
4345336	1
4345735	1
4348003	1
434987	1
4350748	1
4352069	1
4355788	1
4356301	1
4358024	2
4358264	1
4358702	1
4358812	1
4363412	1
4363775	2
4365496	1
436599	1
4372160	1
4372934	1
4373782	1
4374828	1
4375496	1
4375988	1
4376062	1
4378763	2
438133	2
4383196	1
4389865	1
4390058	1
4390639	1
4390881	1
4392420	1
4393358	1
4393626	2
4393792	1
4396	1
4401275	1
4401623	1
4401973	1
440396	1
4413463	1
4414425	1
44145	2
4417252	1
4419367	1
4420306	1
4421935	1
4422368	1
4422817	1
4425467	1
4425694	1
44263	1
4427756	1
4428278	1
4431107	1
4432173	1
4434798	1
4435623	1
4438960	1
4439578	1
4440548	1
4441020	1
4442608	1
4444170	1
4445677	1
4446767	1
4451246	1
4453107	1
4459052	1
4460034	1
4461145	1
4463092	2
4467316	2
4467554	1
4469832	1
4473860	1
447754	1
4481005	1
4482351	1
448312	2
4487224	1
4494343	1
449787	1
450050	1
4500999	2
4504962	1
4509849	3
451545	1
4517005	1
4524130	1
4532557	1
453519	1
4538664	1
4540899	1
454250	1
4543792	1
4543994	1
45445	1
454756	1
4548229	2
4549281	1
455017	1
4555996	1
456638	1
45682	1
4572968	1
458021	1
4581489	1
4581902	1
4590460	1
459054	1
4599027	2
4600589	1
4601412	1
4612212	1
4616773	1
4617159	1
4618666	1
4619132	1
4622027	1
4622733	1
4623045	1
4623093	1
462379	2
462776	1
4628887	1
4629954	1
4630562	1
4632	1
4634013	1
4636483	1
4644172	1
464506	2
4645357	1
465278	1
4655169	1
465589	1
4656534	1
4660888	1
4665764	1
4670155	1
4677362	1
4684532	1
468752	1
4690301	1
469098	1
4691967	1
4693453	1
46978	2
4701443	2
4704914	1
4705358	1
470870	1
4714927	3
471928	1
4731046	1
473113	1
4731948	2
4734398	3
4746193	1
4751930	1
475916	1
47610	1
47618	1
4765670	1
4770121	2
477140	1
47727	1
4782600	1
478395	1
4783987	1
478717	1
4797532	1
4797813	1
4803115	1
4808242	1
480923	1
480943	1
483013	1
4834187	1
4836650	1
4837614	1
4843750	1
4847926	3
4848828	1
4855335	1
485738	1
48599	2
4864306	3
4869	1
4872812	1
4887492	2
4888599	1
4888892	1
489400	1
4894525	1
4903508	1
4904811	1
4906960	1
4910820	1
4911550	1
4912237	1
4922378	1
4924435	1
4928687	1
4929807	1
4930847	1
4932354	4
4936720	1
4937803	1
4938247	1
4938485	1
4950369	1
4954283	1
4955205	1
4955560	1
4957149	1
496164	2
4963379	1
496465	1
4965107	1
49670	1
4967515	2
4970027	1
4970579	1
4973668	3
4976428	1
4976872	1
4980428	1
4983320	2
4992804	1
4995411	1
5008954	1
50124	1
50148	1
5018907	1
5019619	1
5025046	1
5032943	1
503800	1
5048868	1
5052897	1
5062254	1
5064855	1
5067409	1
506779	1
506909	1
507186	1
5072123	1
507304	1
5074654	1
5076827	1
5078978	1
5081260	1
50846	1
5089	1
509341	1
5097458	1
509918	1
51038	5
5109475	1
5110818	1
511175	2
5117939	1
511993	1
512878	2
5138312	1
5140244	1
514261	2
5149997	1
515946	1
516347	1
5164854	3
5165749	2
5175067	1
517966	1
5186189	1
5189987	1
5191738	1
520189	1
520279	1
5202854	1
52043	1
5207582	1
5214644	1
522065	1
5220670	1
522164	1
5225737	1
5229579	1
5230482	1
5231131	1
523218	1
52335	2
52394	1
5239845	1
5243122	1
5243832	1
5243858	1
5245246	1
524575	1
524730	2
52615	1
526653	1
526805	1
5268463	1
5268970	1
5278115	1
5278391	1
5283121	1
5283769	1
5283853	1
5286584	1
5289072	1
5293735	1
530032	1
5308961	1
5309364	1
5309521	1
5317082	2
532819	1
5333736	1
5334697	1
5339881	1
5341060	1
534328	1
5350359	1
535128	1
5352357	1
5352610	1
5354308	1
5364702	1
5369117	2
5374768	1
5378922	1
5386695	1
5392354	1
5407403	1
5414067	2
5418972	1
5422083	1
542611	1
54275	3
5434492	1
5435074	1
5435208	1
5435713	1
5438325	1
5440087	2
5444717	1
5446918	1
5447617	1
5453550	1
5454390	1
5454862	1
545600	1
5464042	1
5466191	1
5468033	1
5468901	1
547177	1
547386	1
5479559	1
5480570	1
5481728	1
5497326	1
550520	1
5508109	1
551055	2
5512719	1
55176	1
5520355	1
5523186	1
552343	1
552453	1
552679	1
5529633	1
5531489	1
5533135	1
5535265	1
5536387	1
5556571	2
555739	2
5561816	1
5563508	1
5569141	1
5577926	1
5579700	1
5585945	1
5586949	2
5591685	1
5593208	1
5596242	1
5604089	1
5605755	1
5606448	1
56094	1
56104	1
5619749	2
5622682	1
56246	1
562614	1
56284	1
5634395	2
5641042	1
5644215	1
5647813	1
56512	1
5652395	1
5654072	1
5654454	1
5655889	1
5658953	1
5662533	1
5663597	1
5664550	1
5668550	1
5668786	1
567187	1
567226	1
5679237	1
568103	1
5681729	1
5682003	1
568325	1
5684941	1
568568	1
568585	1
5691429	1
56920	1
5693756	1
5696628	2
5707409	1
570882	1
5709288	1
570988	1
571080	1
5714455	1
5716241	1
571952	1
5719998	1
5720054	1
5722995	1
572527	1
573065	1
573316	1
5738733	2
574584	1
5749899	1
5751206	1
576056	1
5760970	1
5761173	1
5768571	1
5772472	1
5783747	1
579412	1
579495	2
5810195	1
5810978	1
5817011	1
5822377	1
582598	1
58366	1
5837033	1
5848607	1
5851210	2
585166	1
585273	1
585458	1
5855145	1
585879	1
5861233	1
5862053	1
586409	1
5867023	1
5872605	1
5879729	1
588270	1
5887081	1
588899	1
5894425	1
5895535	1
5897760	1
59023	1
5905011	1
5907325	1
5908577	2
5909206	1
5912572	1
5927702	2
593115	1
5938496	1
5942292	3
5943212	1
5944682	1
5944756	1
5957620	1
5959653	2
5962196	1
5971251	1
5972975	1
59734	2
5976214	1
598167	1
5986790	5
598770	1
5993276	1
599354	1
6001762	1
6002245	1
60049	1
6010467	1
6012816	1
6016424	1
60252	1
60278	1
6030235	1
6032480	1
6041	1
6045456	1
6046616	1
6048514	1
605463	3
6055938	1
6057624	1
6060700	1
6064192	1
6064963	1
6083756	1
6088518	1
6093878	1
6105036	1
611137	1
611716	2
6118355	1
6121678	1
6122006	1
6122499	1
6131397	1
6133754	1
6136511	1
6142196	1
6144668	1
6145540	1
6145679	1
6146050	1
61491	2
6150328	1
6153186	1
6158233	1
6163192	1
6164428	1
6165258	2
6166889	1
616825	1
6169516	1
617127	1
617671	1
617990	1
6180052	1
6183406	1
61873	1
619154	1
6194434	1
6194487	2
6194657	1
6196141	1
6197784	1
620218	1
620288	1
6209044	1
6212988	1
62165	1
6216882	1
621971	1
6222620	1
622460	1
6228539	1
622855	2
622866	1
6230230	1
62316	1
6233644	1
62407	1
6242426	1
6243156	1
6245239	1
6245535	1
62508	1
6256118	1
62583	1
626289	1
6263282	1
6263540	1
6270968	1
627217	3
6273146	1
627678	1
627898	1
6280254	1
62855	1
6286114	1
6294856	1
6298986	1
630453	1
6305367	1
6305477	1
6309019	1
6309691	1
6313448	1
6321587	1
632334	1
6326737	1
6327260	1
63318	1
6334250	1
634096	1
63588	1
63613	1
636319	1
6364557	1
6369087	1
6375533	1
6376776	1
6385492	1
638721	1
6387355	1
6387598	1
6388666	1
6390340	1
63924	1
6394282	1
6395317	1
6396561	1
64056	1
6407125	1
6414252	1
6414296	1
6414916	1
6415261	1
6436296	1
64442	2
6444977	1
6445684	1
6447462	1
6447895	1
6447944	1
644941	1
64522	1
6457253	1
645887	1
6459215	1
6467086	1
6470443	1
6471326	1
6471461	2
6472794	1
6474981	1
6482637	1
6483295	1
6486116	2
6491377	1
6494389	1
6499364	1
6501414	1
6504434	1
65064	1
65091	1
6509406	1
651390	1
6514245	1
652092	1
6525255	1
6527494	1
652842	1
6530413	1
6531502	1
6532132	1
6533489	1
653405	1
6542088	1
6544987	1
6547579	1
6554341	1
656841	1
6575712	1
6581587	1
6582962	1
65837	1
6586128	2
6599585	1
6602545	2
66035	1
66193	1
66243	1
6625516	1
6626827	1
6632440	2
66329	1
663384	1
663764	2
6638763	1
663879	2
6642777	1
665013	1
6653718	1
6655162	1
666271	1
666862	1
6672450	1
667627	1
6676776	1
6682511	1
6683775	1
668564	1
6688471	1
6706578	1
6706914	1
6707119	1
6714376	1
671579	1
6716330	1
6717488	1
67180	1
6718172	1
6721198	1
6723969	1
672510	1
6726808	1
673406	1
674970	1
6754169	2
6755111	1
6757150	1
6762247	1
6762657	1
6771815	1
6774871	1
6776157	1
67778	2
6781477	1
6789600	1
6789857	1
6790494	1
6806417	1
680818	1
6819812	1
6824711	1
6828085	1
683027	1
683230	1
683794	1
683975	1
6841194	1
684129	1
68428	2
6846161	1
684629	1
6854214	1
6854750	1
68599	1
686147	1
686494	1
6866353	1
6866620	1
686768	1
6873370	1
687361	1
6881792	1
6882340	1
6885157	11
6893861	1
689661	1
6897732	1
6901734	1
6903334	1
6910298	1
6911276	1
6912221	1
693889	1
69439	1
6949594	1
6957798	1
6959061	1
6959160	1
696306	1
6964353	1
696482	1
69685	1
6970030	1
6970732	1
6970733	1
6970929	1
697442	2
69829	1
6986713	1
6989380	1
6989825	1
6991947	1
69942	1
699759	1
70091	1
7009234	1
7009551	1
7016230	1
7020798	1
7021990	1
7022451	1
70234	1
7027562	1
7028387	1
703156	1
7041410	1
7055547	1
70614	1
706191	1
706418	1
706623	1
7069480	1
7073209	2
7089676	1
7090408	1
7092157	1
709334	1
709434	1
7096230	1
7096964	1
7101220	1
7105630	1
7107807	1
7111113	1
7112116	2
7120328	1
7125872	1
712590	1
7127362	1
7130382	2
7132792	1
7136700	3
7138163	1
7139147	1
714200	1
71512	1
7157099	2
715807	1
716064	1
716306	1
7165563	1
7169746	1
7171571	1
717562	1
7178784	1
7181895	1
7182180	2
7183070	1
718349	1
7187069	1
71876	1
7192	1
7195403	2
72014	4
720320	1
720558	1
7205838	1
72062	4
721267	1
721833	1
7220851	1
722320	1
7228995	1
7229763	1
7236564	1
7239405	1
7240751	1
7245581	10
7249524	1
7250241	1
7250500	1
7251483	1
726333	1
727114	1
7273689	1
72747	1
727585	1
7281456	1
7281500	1
7304881	1
73051	1
7308715	1
7309046	1
7309232	2
7310	1
7310886	1
73128	1
7317241	1
731855	1
7318649	1
731904	1
7320160	1
7321253	1
7322	1
7324189	1
732535	3
732985	1
7329934	1
733370	1
733894	3
7341015	1
7341851	1
73469	1
7351	1
7353062	1
73549	1
7355	1
7356	1
7356757	1
735701	1
7361593	1
7363831	1
7365834	2
737585	1
7379093	2
7387960	1
7388128	1
7388499	1
738918	1
739499	1
7398990	1
7399728	1
740656	1
7409102	1
7419960	1
74303	1
743742	1
7437876	1
7438973	1
745069	3
745186	1
7451917	1
7455886	1
7458731	1
7458733	1
7460181	1
7460434	1
7461332	1
7463731	1
7465509	1
746552	1
747031	1
7474069	1
7475363	1
747698	1
74777	1
74857	1
7490	1
7499240	2
7503643	34
7520792	1
754675	1
7549	3
755172	1
7553984	1
7556987	1
7557833	5
7558452	1
7566397	1
757166	1
7573341	1
7576337	1
7579627	1
7580038	2
7580102	1
7581642	1
758441	3
7591257	1
759583	2
759883	1
7603226	1
7607092	1
7614595	1
7624316	1
762563	1
762610	1
7628445	1
7629544	1
7633037	1
763420	1
763439	1
7636125	1
7640229	1
7644839	1
7645338	1
7646038	1
7654246	1
7654662	1
7659871	1
76627	1
7665324	1
7670501	1
7672728	1
7676839	1
7681637	1
7681692	1
7683052	1
7683195	1
7691518	2
7691955	1
769247	1
7693917	1
7701933	1
7702	1
7706697	1
7708014	1
770831	1
7714918	1
7720086	1
772300	1
7727015	1
772862	1
7728790	1
7735666	1
773928	1
774128	1
7748022	1
7748180	1
7748646	1
7755092	1
7757648	1
776490	1
776645	1
7776144	1
7777902	1
7779204	1
7784911	1
7793849	1
7801481	1
7809536	1
7815949	1
781647	2
7821383	1
7831209	1
7833913	1
7837136	1
78460	1
7846216	1
7849107	1
7850260	2
7853251	5
7853594	1
7853680	1
7856381	1
7858210	1
7858405	1
7859118	1
7860852	1
786862	1
787204	1
787261	1
787273	1
78742	1
7875272	2
7879349	1
7880914	1
7881738	1
7889819	1
789257	1
7895068	1
7896605	1
7897301	1
7901999	1
79070	1
791287	1
7915183	1
7919277	1
792159	1
793225	1
793620	1
7938019	1
79402	1
795640	1
795889	1
7959444	1
7964729	1
7974574	1
7977178	1
7978448	1
7988149	1
7989	1
7997061	1
8000315	1
800223	1
800720	1
800982	1
8013034	2
8026393	1
803086	2
8038118	1
8048803	1
8049757	1
805344	1
806112	1
806214	1
806774	1
8071107	1
8071900	1
8072802	1
807642	2
808206	1
8083568	1
8088731	1
8092548	1
8092818	1
809716	1
8102595	1
8105524	1
8109174	1
8111912	1
8112314	1
8112941	1
8113165	1
8119708	2
8120180	1
8126811	1
812814	1
8131878	1
81335	1
8135210	1
8136206	1
815741	1
8158276	1
8159536	1
815977	2
8163133	1
8178950	1
8179855	1
8184930	1
8198	1
820046	1
8200820	2
8212880	1
8214568	1
8219931	1
8222814	1
823392	1
8243983	1
824689	1
825022	1
825252	1
8255208	1
8258307	1
8261145	1
826192	1
826459	1
8265050	2
82685	1
8276592	1
8280182	1
8282962	1
8288419	4
82896	1
8289606	1
8289663	1
8292927	1
829652	1
8300712	1
8301763	1
831185	1
8312378	2
8313953	1
8315861	1
8316059	1
832244	1
8323145	1
83257	2
8335875	1
8336526	1
8337801	1
833926	1
834185	1
8349905	1
835112	1
8351424	1
836168	4
8362282	1
8366233	1
836911	1
8373183	1
8384058	1
838704	1
838848	1
839679	3
840868	1
842125	1
8422502	1
8423479	1
8425	1
8434244	1
844862	1
8452639	3
8452695	2
8455776	1
8457613	1
846050	1
846309	1
846521	1
847230	1
8481125	2
8481739	1
8483704	1
848748	1
8488933	1
8489537	1
848960	1
849492	1
8497788	1
8511789	1
8520430	1
8521063	1
8523970	1
85330	1
8535372	1
854208	1
8548430	1
8548453	1
8551260	2
8552126	1
8568891	1
8597778	1
8605	1
861330	1
8616291	1
8619862	1
8619985	1
8624212	1
8638841	1
864370	1
864735	5
865264	1
8653725	1
8656650	1
8658146	1
867225	2
867249	1
8677042	1
8677477	1
8680097	1
8685072	1
8687489	1
8697041	1
869880	1
8703	1
8706294	1
8708720	1
871727	1
872121	1
8726014	1
872805	2
8730513	1
8732694	2
873273	2
8739354	1
8740210	1
8741682	1
874471	1
8751800	1
8753908	1
8756595	1
8759781	1
876054	1
8772693	1
8773518	1
87773	2
8778889	1
8778997	1
8783166	2
8785876	1
8791051	1
8792814	3
8796895	1
8798158	1
8811222	1
88209	1
8821936	1
8822946	1
8826175	2
8830645	1
8838470	1
8844412	1
8867917	1
8873749	1
8882019	1
889106	1
8896180	1
8900383	1
890215	1
8904815	1
8910286	1
8918030	1
8924899	1
8925493	1
8925763	2
893148	1
8934751	1
8937205	1
8943770	1
8951505	1
8955761	1
8956323	1
8967	1
896918	1
8976567	1
8986314	1
898980	1
8989844	1
8998154	1
8998805	1
900154	1
9008935	1
9010955	1
902054	1
9031632	1
9031941	1
903686	1
904833	1
905122	1
9051298	2
9053036	1
9053452	1
9053876	1
906200	1
9072771	1
908514	1
9089934	1
9090698	1
909146	1
909234	1
909577	1
9105586	1
910719	1
9109049	1
911596	1
9117590	1
9119678	1
9122601	1
912541	1
9130465	1
9131167	1
914838	2
915640	1
915973	1
9162713	1
9173924	1
9177920	1
918087	2
918543	1
9186542	1
9187795	1
918866	1
9197101	1
920542	1
9207223	3
9209820	2
921500	1
9223085	1
922478	1
92272	1
9229108	1
922922	1
9229424	1
9232106	1
9234456	1
923915	2
92451	1
9250406	1
9264606	1
9265204	2
926743	1
9268156	1
9268805	2
9269794	1
9271872	1
92788	2
9284163	1
9293512	1
9306192	1
9306716	1
9306976	1
9317567	1
933263	1
933378	1
9339714	1
9340104	1
9348961	1
9352452	1
9358396	1
936114	1
936630	1
936830	1
9371210	1
9372538	1
9375506	1
93790	2
938056	1
9381867	1
9389685	1
940724	1
9407785	1
9407818	1
9420221	1
9421493	1
9426702	1
9430366	1
9430658	1
9430973	1
9442045	1
9443112	1
9446761	1
9451697	1
9453400	1
945407	1
945499	1
9462127	1
94669	1
9470293	1
9473928	1
9482259	1
9486005	1
9490594	1
949221	2
9501531	2
950232	1
9502879	1
9503874	1
950657	1
9509125	1
9509269	2
9510645	1
9520082	1
9520651	1
9522475	1
9522524	4
9523245	1
9524360	1
953279	1
953375	1
9535237	1
953565	1
9538322	1
953843	1
9539641	1
9543143	1
9554965	1
9563216	1
9563358	1
9564410	1
9576121	1
9582999	1
9586465	1
9593224	1
9600781	1
9604972	1
960836	1
9610339	1
9613050	1
961342	1
9615574	1
9622750	1
9630447	1
9632747	2
9634183	1
9637768	1
9638204	2
9644281	1
9644289	1
964482	2
9646158	1
9647066	2
9652075	1
9665594	1
9671392	1
9685977	1
9689041	1
969279	1
9702964	1
9709235	1
9709464	1
9710466	1
971075	1
9716281	1
9720494	1
97219	1
9725785	1
9729421	1
973438	1
9743617	1
9744	3
9744172	1
9745149	2
9751988	1
9754117	1
9757249	1
9762099	1
9774018	1
97797	1
9782676	1
9782866	1
9790609	1
9791461	1
9794342	1
9795483	1
9795610	1
9813233	1
9813350	1
9817733	1
9818634	1
9820312	1
9820942	3
9829662	1
9831559	1
9832158	1
9840901	1
9847713	1
9848620	1
9852787	1
9854463	1
9854533	1
9856784	1
9864136	1
9870396	1
9872597	1
9872650	1
9878261	1
988350	1
9888877	1
9898029	2
9906590	1
9909455	1
9912620	1
991380	1
9915185	1
9917136	2
9921108	1
99212	1
9930219	1
9931428	1
9944244	1
9946315	1
9947332	1
9947836	1
9949214	1
9950152	1
9951559	1
9951993	1
9952523	1
9959323	1
9965028	1
9968385	1
997124	1
9975193	1
9989761	2
9990552	1
9991075	1
9991763	1
999689	1
9997988	1
