I primi 4334 host con più appartamenti
Pos.	ID Host		Numero Appartamenti
1	7503643		34
2	417504		28
3	1475015		20
4	13347167		15
5	6885157		11
6	7245581		10
7	1177497		8
8	3038687		7
9	2015914		6
10	2027013		6
11	2119276		6
12	22486		6
13	15145088		5
14	204539		5
15	2559004		5
16	256161		5
17	430188		5
18	51038		5
19	5986790		5
20	7557833		5
21	7853251		5
22	864735		5
23	10384906		4
24	10657357		4
25	1360198		4
26	1385157		4
27	1709216		4
28	209460		4
29	216191		4
30	303939		4
31	3250450		4
32	4241953		4
33	4299040		4
34	4932354		4
35	72014		4
36	72062		4
37	8288419		4
38	836168		4
39	9522524		4
40	1146958		3
41	116599		3
42	11837926		3
43	1229984		3
44	1240820		3
45	126607		3
46	1267021		3
47	1354796		3
48	137814		3
49	14103991		3
50	14902860		3
51	149929		3
52	1530310		3
53	1539749		3
54	1785800		3
55	1865527		3
56	2010724		3
57	210746		3
58	2120259		3
59	2219255		3
60	2333904		3
61	242506		3
62	2478675		3
63	2768182		3
64	2777672		3
65	306739		3
66	311286		3
67	314941		3
68	32169		3
69	322716		3
70	32294		3
71	3363720		3
72	3579337		3
73	3604585		3
74	3621183		3
75	3684360		3
76	3716641		3
77	4113132		3
78	4509849		3
79	4714927		3
80	4734398		3
81	4847926		3
82	4864306		3
83	4973668		3
84	5164854		3
85	54275		3
86	5942292		3
87	605463		3
88	627217		3
89	7136700		3
90	732535		3
91	733894		3
92	745069		3
93	7549		3
94	758441		3
95	839679		3
96	8452639		3
97	8792814		3
98	9207223		3
99	9744		3
100	9820942		3
101	1018472		2
102	10243387		2
103	1029021		2
104	10364678		2
105	10528287		2
106	10575680		2
107	10672341		2
108	10674441		2
109	10846328		2
110	10889		2
111	1112560		2
112	1114587		2
113	1123923		2
114	11297009		2
115	1138692		2
116	1141935		2
117	11457662		2
118	11481		2
119	1165231		2
120	118971		2
121	119588		2
122	11998560		2
123	12221		2
124	12358955		2
125	12366541		2
126	124357		2
127	12515888		2
128	1313306		2
129	1315849		2
130	1318137		2
131	13208084		2
132	13503154		2
133	1356046		2
134	13611255		2
135	1364042		2
136	1366310		2
137	13792543		2
138	137974		2
139	1386983		2
140	1411399		2
141	1417166		2
142	1427381		2
143	14289427		2
144	14325632		2
145	1447684		2
146	1495502		2
147	15009272		2
148	1528912		2
149	1568517		2
150	15688520		2
151	15740819		2
152	16245414		2
153	16286162		2
154	1639120		2
155	1650330		2
156	1651591		2
157	168417		2
158	168525		2
159	1697784		2
160	1698391		2
161	170510		2
162	17051201		2
163	17299359		2
164	17318747		2
165	1732559		2
166	173980		2
167	173997		2
168	1740216		2
169	17477908		2
170	176903		2
171	179679		2
172	17985		2
173	181376		2
174	1879389		2
175	1884204		2
176	190409		2
177	1947974		2
178	1949282		2
179	2024924		2
180	2050338		2
181	2051075		2
182	2096690		2
183	2128778		2
184	2206506		2
185	2208993		2
186	2265770		2
187	2267153		2
188	2332618		2
189	2347382		2
190	236421		2
191	2377104		2
192	2389885		2
193	240048		2
194	2400932		2
195	240427		2
196	2407024		2
197	2446219		2
198	251176		2
199	25183		2
200	2518984		2
201	254846		2
202	2604437		2
203	265152		2
204	26640		2
205	2675998		2
206	2680820		2
207	2712353		2
208	2715012		2
209	273174		2
210	277379		2
211	27848		2
212	279078		2
213	279845		2
214	2843998		2
215	2873394		2
216	2879920		2
217	2888900		2
218	292204		2
219	2929756		2
220	2935265		2
221	297176		2
222	297769		2
223	2979607		2
224	3011547		2
225	302772		2
226	3053987		2
227	305972		2
228	306545		2
229	306605		2
230	3069794		2
231	308652		2
232	308875		2
233	310670		2
234	312288		2
235	312722		2
236	31374		2
237	314582		2
238	3158364		2
239	319077		2
240	3233986		2
241	323517		2
242	3259274		2
243	327673		2
244	329436		2
245	3315563		2
246	3317183		2
247	3323488		2
248	3392287		2
249	3475005		2
250	347642		2
251	3491890		2
252	3531317		2
253	3571821		2
254	35935		2
255	3597769		2
256	361855		2
257	3625735		2
258	3647		2
259	3672774		2
260	367815		2
261	3718361		2
262	3772684		2
263	3842134		2
264	3882661		2
265	3886532		2
266	390251		2
267	3929012		2
268	3992566		2
269	4092307		2
270	4129805		2
271	4165498		2
272	4185135		2
273	4260529		2
274	4274857		2
275	4282318		2
276	4310378		2
277	4324286		2
278	4358024		2
279	4363775		2
280	4378763		2
281	438133		2
282	4393626		2
283	44145		2
284	4463092		2
285	4467316		2
286	448312		2
287	4500999		2
288	4548229		2
289	4599027		2
290	462379		2
291	464506		2
292	46978		2
293	4701443		2
294	4731948		2
295	4770121		2
296	48599		2
297	4887492		2
298	496164		2
299	4967515		2
300	4983320		2
301	511175		2
302	512878		2
303	514261		2
304	5165749		2
305	52335		2
306	524730		2
307	5317082		2
308	5369117		2
309	5414067		2
310	5440087		2
311	551055		2
312	5556571		2
313	555739		2
314	5586949		2
315	5619749		2
316	5634395		2
317	5696628		2
318	5738733		2
319	579495		2
320	5851210		2
321	5908577		2
322	5927702		2
323	5959653		2
324	59734		2
325	611716		2
326	61491		2
327	6165258		2
328	6194487		2
329	622855		2
330	64442		2
331	6471461		2
332	6486116		2
333	6586128		2
334	6602545		2
335	6632440		2
336	663764		2
337	663879		2
338	6754169		2
339	67778		2
340	68428		2
341	697442		2
342	7073209		2
343	7112116		2
344	7130382		2
345	7157099		2
346	7182180		2
347	7195403		2
348	7309232		2
349	7365834		2
350	7379093		2
351	7499240		2
352	7580038		2
353	759583		2
354	7691518		2
355	781647		2
356	7850260		2
357	7875272		2
358	8013034		2
359	803086		2
360	807642		2
361	8119708		2
362	815977		2
363	8200820		2
364	8265050		2
365	8312378		2
366	83257		2
367	8452695		2
368	8481125		2
369	8551260		2
370	867225		2
371	872805		2
372	8732694		2
373	873273		2
374	87773		2
375	8783166		2
376	8826175		2
377	8925763		2
378	9051298		2
379	914838		2
380	918087		2
381	9209820		2
382	923915		2
383	9265204		2
384	9268805		2
385	92788		2
386	93790		2
387	949221		2
388	9501531		2
389	9509269		2
390	9632747		2
391	9638204		2
392	964482		2
393	9647066		2
394	9745149		2
395	9898029		2
396	9917136		2
397	9989761		2
398	1000014		1
399	10001478		1
400	10001551		1
401	10003254		1
402	1000477		1
403	10008086		1
404	10012271		1
405	10012421		1
406	10018391		1
407	10023559		1
408	1002452		1
409	10034987		1
410	10036249		1
411	10041857		1
412	10061009		1
413	10071119		1
414	10071397		1
415	10074602		1
416	1007558		1
417	10087095		1
418	10096792		1
419	10099888		1
420	10100413		1
421	1010242		1
422	10102581		1
423	10102809		1
424	1010338		1
425	10103520		1
426	1010940		1
427	1011426		1
428	10123248		1
429	10124193		1
430	1012583		1
431	1012691		1
432	1012895		1
433	10129919		1
434	1013131		1
435	10134825		1
436	1014484		1
437	1014639		1
438	10149317		1
439	10149453		1
440	10150931		1
441	10153235		1
442	10153970		1
443	101597		1
444	10162529		1
445	1017473		1
446	10176907		1
447	10178252		1
448	10179999		1
449	10180449		1
450	101924		1
451	10193030		1
452	10200352		1
453	1020539		1
454	10211848		1
455	10217559		1
456	1021834		1
457	10225447		1
458	10226006		1
459	10232293		1
460	10238618		1
461	10239152		1
462	10241822		1
463	1024355		1
464	10251511		1
465	10252755		1
466	10256663		1
467	10258336		1
468	10262420		1
469	10263251		1
470	10263977		1
471	10264372		1
472	10264377		1
473	1027283		1
474	10280728		1
475	10283677		1
476	10294443		1
477	10294707		1
478	10297692		1
479	10302140		1
480	10304755		1
481	1031148		1
482	10317189		1
483	10331953		1
484	10335193		1
485	10346273		1
486	10346860		1
487	10352213		1
488	10355206		1
489	10362054		1
490	10363037		1
491	103640		1
492	10365281		1
493	1036617		1
494	10373126		1
495	10383481		1
496	10384087		1
497	10387304		1
498	10390993		1
499	10392717		1
500	10395636		1
501	10398270		1
502	10406601		1
503	10411521		1
504	10416706		1
505	10417106		1
506	10417911		1
507	10419406		1
508	104250		1
509	10431172		1
510	10432817		1
511	10434821		1
512	10437461		1
513	10440985		1
514	10454853		1
515	10456845		1
516	10457196		1
517	10468616		1
518	10478532		1
519	10485182		1
520	10490291		1
521	10510181		1
522	10525320		1
523	10526058		1
524	10526877		1
525	10527465		1
526	10528		1
527	10532769		1
528	10533538		1
529	10534508		1
530	10535116		1
531	10535464		1
532	10535719		1
533	10545523		1
534	10545845		1
535	10547610		1
536	10550207		1
537	10552208		1
538	105538		1
539	10573163		1
540	10577541		1
541	10577784		1
542	10581418		1
543	10581580		1
544	10585956		1
545	10590038		1
546	10590692		1
547	10593364		1
548	10607256		1
549	10607636		1
550	10609846		1
551	10610482		1
552	10621196		1
553	10621468		1
554	10628463		1
555	10630723		1
556	10636508		1
557	10638597		1
558	10638711		1
559	10642609		1
560	10643341		1
561	10643695		1
562	10643810		1
563	10650502		1
564	10653693		1
565	10656683		1
566	10657268		1
567	10658486		1
568	10661536		1
569	10661984		1
570	10662294		1
571	10665748		1
572	10666587		1
573	10677584		1
574	10683147		1
575	10692401		1
576	10694601		1
577	10698270		1
578	10710522		1
579	10717291		1
580	10720001		1
581	10721506		1
582	10721586		1
583	10725397		1
584	10732706		1
585	10736013		1
586	107628		1
587	10764579		1
588	10768668		1
589	10775192		1
590	10777592		1
591	10784618		1
592	10787148		1
593	10788865		1
594	10792303		1
595	10806025		1
596	10828833		1
597	10835806		1
598	10842335		1
599	10851687		1
600	10852093		1
601	10859032		1
602	10859726		1
603	10870477		1
604	10894722		1
605	10906528		1
606	1090764		1
607	10909829		1
608	1091832		1
609	1091875		1
610	10928857		1
611	10929586		1
612	10929872		1
613	10930874		1
614	10931680		1
615	1093220		1
616	10932521		1
617	1094178		1
618	10945216		1
619	10949644		1
620	109505		1
621	109589		1
622	1096084		1
623	10972334		1
624	10973455		1
625	109738		1
626	10974237		1
627	10974421		1
628	1097545		1
629	10981050		1
630	10987233		1
631	10992588		1
632	1099464		1
633	10995590		1
634	1099716		1
635	10998158		1
636	11010011		1
637	11012377		1
638	11012889		1
639	11018460		1
640	11021180		1
641	11039974		1
642	1104548		1
643	1104814		1
644	110506		1
645	11051885		1
646	11057719		1
647	11063639		1
648	11066377		1
649	11070320		1
650	11073109		1
651	11079245		1
652	11081628		1
653	1109143		1
654	110958		1
655	1109658		1
656	11103721		1
657	11111521		1
658	11126880		1
659	1113080		1
660	11136429		1
661	11147328		1
662	11155956		1
663	11157871		1
664	11163727		1
665	11163915		1
666	11165856		1
667	11167829		1
668	11176329		1
669	11183488		1
670	11189139		1
671	11189753		1
672	11192207		1
673	1120027		1
674	11208418		1
675	1121193		1
676	11231506		1
677	11246260		1
678	1124797		1
679	11249746		1
680	11254580		1
681	11257635		1
682	11265131		1
683	11273539		1
684	11276922		1
685	112793		1
686	11279303		1
687	11280333		1
688	112879		1
689	1129218		1
690	1130454		1
691	11306420		1
692	11308483		1
693	1131081		1
694	11312158		1
695	11313668		1
696	11313778		1
697	1132207		1
698	11330223		1
699	11330638		1
700	11333699		1
701	11339193		1
702	11340369		1
703	11342593		1
704	11353904		1
705	11363157		1
706	11366961		1
707	11371978		1
708	11375556		1
709	11385753		1
710	11386273		1
711	1139222		1
712	11395220		1
713	1139574		1
714	11418277		1
715	11430355		1
716	11430909		1
717	11440643		1
718	11443640		1
719	1144415		1
720	1144721		1
721	11457317		1
722	11460768		1
723	11461795		1
724	11461854		1
725	1146744		1
726	1147345		1
727	11473727		1
728	11483903		1
729	11490872		1
730	11492501		1
731	11494077		1
732	1149419		1
733	11494661		1
734	11495235		1
735	11503864		1
736	11505536		1
737	11508018		1
738	11512483		1
739	11512676		1
740	11512908		1
741	115157		1
742	1151818		1
743	1151987		1
744	11523254		1
745	11526701		1
746	11528		1
747	115307		1
748	11538076		1
749	11539672		1
750	1153993		1
751	11540028		1
752	11542120		1
753	11552512		1
754	115560		1
755	11557572		1
756	11570627		1
757	11576459		1
758	11598359		1
759	11599506		1
760	11600691		1
761	11603608		1
762	11607949		1
763	11610321		1
764	11611239		1
765	11623750		1
766	11630571		1
767	1163315		1
768	1164642		1
769	11661229		1
770	11668649		1
771	11669123		1
772	11671329		1
773	11673798		1
774	11674823		1
775	11674837		1
776	11675390		1
777	11675431		1
778	11691665		1
779	11706506		1
780	11708656		1
781	11710466		1
782	11721588		1
783	1172202		1
784	11722972		1
785	117236		1
786	11725608		1
787	117287		1
788	11732741		1
789	11733037		1
790	1173599		1
791	11741773		1
792	11747009		1
793	1174963		1
794	11753837		1
795	11757212		1
796	11762397		1
797	11764444		1
798	11774035		1
799	11774081		1
800	11774630		1
801	11778114		1
802	1177947		1
803	11790431		1
804	11793333		1
805	11796166		1
806	1182294		1
807	11825464		1
808	11827364		1
809	1184442		1
810	11845040		1
811	11847492		1
812	11861244		1
813	11876825		1
814	1187935		1
815	11894522		1
816	1190088		1
817	11910223		1
818	1191142		1
819	11915544		1
820	1191562		1
821	11917311		1
822	1192424		1
823	1192610		1
824	1193933		1
825	1194377		1
826	11947308		1
827	119510		1
828	1195295		1
829	11975		1
830	11976770		1
831	11981562		1
832	11982812		1
833	11983859		1
834	119900		1
835	1200603		1
836	120223		1
837	120291		1
838	120335		1
839	1203500		1
840	12057272		1
841	12058474		1
842	12059266		1
843	120623		1
844	1207399		1
845	12082653		1
846	1208402		1
847	12092726		1
848	12098551		1
849	1210541		1
850	1212041		1
851	12120448		1
852	12123995		1
853	12126255		1
854	12129877		1
855	12140561		1
856	12145783		1
857	12157737		1
858	1215949		1
859	1217241		1
860	1217923		1
861	12186466		1
862	12190039		1
863	1220404		1
864	1220414		1
865	12220316		1
866	12223914		1
867	1223359		1
868	1223568		1
869	12245536		1
870	1225787		1
871	1226950		1
872	1228080		1
873	12290324		1
874	12291588		1
875	1229358		1
876	12294891		1
877	12320096		1
878	1232988		1
879	1233267		1
880	12337318		1
881	1234405		1
882	12346795		1
883	12348871		1
884	12360441		1
885	1236070		1
886	1236817		1
887	12384418		1
888	12385603		1
889	12386614		1
890	12394900		1
891	12399023		1
892	1239959		1
893	1242765		1
894	1243192		1
895	124345		1
896	124352		1
897	12446529		1
898	12449641		1
899	12461367		1
900	12465884		1
901	124797		1
902	12483101		1
903	12508991		1
904	12511213		1
905	12516367		1
906	1251762		1
907	1253125		1
908	12533228		1
909	1253739		1
910	1254489		1
911	12556197		1
912	1256874		1
913	1257309		1
914	12575621		1
915	1257760		1
916	12577771		1
917	12579916		1
918	1258363		1
919	125857		1
920	12586492		1
921	12587147		1
922	12608261		1
923	1260921		1
924	12616627		1
925	12620213		1
926	12622830		1
927	1262622		1
928	1263176		1
929	12637520		1
930	12641005		1
931	1264655		1
932	12649246		1
933	1267900		1
934	1268505		1
935	1269455		1
936	12718658		1
937	12732385		1
938	12732806		1
939	1273385		1
940	1273825		1
941	1274269		1
942	12750945		1
943	12760201		1
944	127608		1
945	1276497		1
946	12773532		1
947	12774721		1
948	127772		1
949	1278802		1
950	12795393		1
951	12796040		1
952	12806055		1
953	128256		1
954	12834599		1
955	1283991		1
956	12851900		1
957	1286275		1
958	1286417		1
959	12864943		1
960	128663		1
961	12872352		1
962	12872812		1
963	12878653		1
964	1288460		1
965	128890		1
966	128920		1
967	1289936		1
968	12899510		1
969	1290508		1
970	12921356		1
971	1292205		1
972	1292250		1
973	129352		1
974	1294674		1
975	12949460		1
976	1295416		1
977	12958562		1
978	12967572		1
979	12972780		1
980	1297675		1
981	1301613		1
982	130216		1
983	1303029		1
984	1304097		1
985	13063145		1
986	1306587		1
987	13067214		1
988	13068601		1
989	1307773		1
990	1308282		1
991	1308525		1
992	130901		1
993	13094498		1
994	131014		1
995	1311398		1
996	1311870		1
997	13125226		1
998	13125674		1
999	13132515		1
1000	1314834		1
1001	13148521		1
1002	13156191		1
1003	13156754		1
1004	13165300		1
1005	1317343		1
1006	1317588		1
1007	1319462		1
1008	13207016		1
1009	1321170		1
1010	132132		1
1011	1321504		1
1012	132244		1
1013	13225047		1
1014	1325961		1
1015	13262455		1
1016	13272957		1
1017	13295673		1
1018	13304615		1
1019	1330500		1
1020	13314076		1
1021	13314736		1
1022	1331493		1
1023	1331850		1
1024	1332108		1
1025	13322169		1
1026	13322259		1
1027	13337141		1
1028	13345581		1
1029	13347139		1
1030	1334808		1
1031	13360423		1
1032	1336370		1
1033	1336542		1
1034	13373889		1
1035	1338262		1
1036	13384586		1
1037	1340007		1
1038	1340205		1
1039	13408910		1
1040	134355		1
1041	1343630		1
1042	13451102		1
1043	1345452		1
1044	1345611		1
1045	1345769		1
1046	1346437		1
1047	1347034		1
1048	1348494		1
1049	13486605		1
1050	13496782		1
1051	13497325		1
1052	13499885		1
1053	13501034		1
1054	1351409		1
1055	13530123		1
1056	13535952		1
1057	1354758		1
1058	13561307		1
1059	135619		1
1060	13574223		1
1061	1358245		1
1062	1358312		1
1063	1359519		1
1064	1359611		1
1065	13596820		1
1066	1360043		1
1067	13601944		1
1068	1360296		1
1069	13604945		1
1070	13617251		1
1071	13617520		1
1072	13621509		1
1073	136227		1
1074	1362808		1
1075	13632182		1
1076	1363434		1
1077	136352		1
1078	13637847		1
1079	13649613		1
1080	1366194		1
1081	1366270		1
1082	13664226		1
1083	13664245		1
1084	13670148		1
1085	1369577		1
1086	136962		1
1087	1370358		1
1088	1370474		1
1089	1372779		1
1090	1372786		1
1091	137292		1
1092	13736818		1
1093	137432		1
1094	13749425		1
1095	13759034		1
1096	1376385		1
1097	1376778		1
1098	13773574		1
1099	13788158		1
1100	13789963		1
1101	13795689		1
1102	13795760		1
1103	1380060		1
1104	138069		1
1105	1380703		1
1106	1381171		1
1107	13811875		1
1108	1382749		1
1109	13829968		1
1110	13830544		1
1111	1384111		1
1112	1384256		1
1113	1384559		1
1114	1385575		1
1115	138579		1
1116	1386685		1
1117	13871213		1
1118	1387286		1
1119	1387370		1
1120	13888072		1
1121	13903103		1
1122	1390555		1
1123	13908017		1
1124	1390947		1
1125	13917921		1
1126	1392440		1
1127	13931194		1
1128	13933851		1
1129	13934498		1
1130	13937830		1
1131	1394190		1
1132	1394669		1
1133	1394719		1
1134	139612		1
1135	1396183		1
1136	1396546		1
1137	13968910		1
1138	13969061		1
1139	1397061		1
1140	1397115		1
1141	13974214		1
1142	1397883		1
1143	1398639		1
1144	139874		1
1145	1398809		1
1146	140025		1
1147	1400369		1
1148	14011859		1
1149	14019268		1
1150	14019963		1
1151	14020493		1
1152	1402454		1
1153	1402817		1
1154	1402951		1
1155	1403769		1
1156	14058714		1
1157	1406458		1
1158	1406773		1
1159	1407251		1
1160	14081811		1
1161	1408733		1
1162	1408973		1
1163	1410714		1
1164	14120733		1
1165	1412944		1
1166	1413098		1
1167	14133008		1
1168	1413546		1
1169	1415489		1
1170	1415590		1
1171	14163479		1
1172	1417489		1
1173	14174901		1
1174	14176488		1
1175	1417757		1
1176	14197781		1
1177	1420300		1
1178	14204809		1
1179	14214034		1
1180	142147		1
1181	1423613		1
1182	1423798		1
1183	14262697		1
1184	142684		1
1185	14269155		1
1186	1427243		1
1187	142833		1
1188	14285627		1
1189	14290739		1
1190	14291250		1
1191	14295613		1
1192	1429642		1
1193	1430128		1
1194	143027		1
1195	143048		1
1196	1430695		1
1197	14317804		1
1198	1433395		1
1199	14337132		1
1200	14343538		1
1201	1434654		1
1202	1434931		1
1203	14361027		1
1204	14362628		1
1205	1436404		1
1206	14369316		1
1207	14380456		1
1208	1439449		1
1209	14399467		1
1210	1440691		1
1211	1442412		1
1212	1442768		1
1213	1443121		1
1214	14435551		1
1215	14441566		1
1216	1444304		1
1217	1445298		1
1218	1446751		1
1219	1447988		1
1220	1448432		1
1221	1449904		1
1222	14509754		1
1223	1451417		1
1224	1451702		1
1225	1451723		1
1226	14518375		1
1227	1452026		1
1228	1454655		1
1229	14554858		1
1230	1455825		1
1231	145609		1
1232	14565422		1
1233	1457351		1
1234	14582705		1
1235	14586041		1
1236	14601436		1
1237	14611970		1
1238	1461630		1
1239	14636480		1
1240	14641776		1
1241	1464358		1
1242	1465030		1
1243	1465539		1
1244	14655604		1
1245	14680576		1
1246	1468247		1
1247	1468317		1
1248	1468658		1
1249	1468667		1
1250	1469036		1
1251	146944		1
1252	1470471		1
1253	1470688		1
1254	1471384		1
1255	14720647		1
1256	1472225		1
1257	14723162		1
1258	14724243		1
1259	1473507		1
1260	14736455		1
1261	147388		1
1262	1474071		1
1263	1474508		1
1264	1474637		1
1265	1474749		1
1266	14751		1
1267	1475866		1
1268	14759766		1
1269	14763882		1
1270	1476954		1
1271	1479666		1
1272	1481172		1
1273	1482208		1
1274	1482460		1
1275	1483081		1
1276	1483320		1
1277	1483464		1
1278	148545		1
1279	1486034		1
1280	14861483		1
1281	14864202		1
1282	1486465		1
1283	1486623		1
1284	1487126		1
1285	1488809		1
1286	14892152		1
1287	14898658		1
1288	14906518		1
1289	1490696		1
1290	1490833		1
1291	14908606		1
1292	14911623		1
1293	1491538		1
1294	1492339		1
1295	1492619		1
1296	14932802		1
1297	14933223		1
1298	14935685		1
1299	1495090		1
1300	1495141		1
1301	1495196		1
1302	1495881		1
1303	1496847		1
1304	14970988		1
1305	1497427		1
1306	14975379		1
1307	1498424		1
1308	1498951		1
1309	14990573		1
1310	1499286		1
1311	1499484		1
1312	15002363		1
1313	1500487		1
1314	1500550		1
1315	15010803		1
1316	1502469		1
1317	15029400		1
1318	1503831		1
1319	1504257		1
1320	15049157		1
1321	1505217		1
1322	15055035		1
1323	1506795		1
1324	1507336		1
1325	15081041		1
1326	15082988		1
1327	15089968		1
1328	1509416		1
1329	15099550		1
1330	15100977		1
1331	15102869		1
1332	1512462		1
1333	1513294		1
1334	15134522		1
1335	15141764		1
1336	15153596		1
1337	151654		1
1338	1517723		1
1339	15178288		1
1340	15179425		1
1341	15182886		1
1342	15185319		1
1343	15198359		1
1344	1521432		1
1345	1521508		1
1346	1521604		1
1347	1522929		1
1348	1523018		1
1349	1523610		1
1350	1525582		1
1351	1525761		1
1352	15265839		1
1353	15266695		1
1354	15271110		1
1355	1527535		1
1356	1530106		1
1357	15303460		1
1358	15310896		1
1359	15310997		1
1360	1531465		1
1361	15318802		1
1362	15341073		1
1363	15341568		1
1364	1534243		1
1365	153494		1
1366	15355526		1
1367	15356877		1
1368	1535732		1
1369	15358791		1
1370	1535987		1
1371	1536441		1
1372	1536533		1
1373	153675		1
1374	1537501		1
1375	15384170		1
1376	15414317		1
1377	15430260		1
1378	1544485		1
1379	15445130		1
1380	1545977		1
1381	15476280		1
1382	15478980		1
1383	15492140		1
1384	1550578		1
1385	155163		1
1386	15518085		1
1387	15523		1
1388	15542183		1
1389	15543098		1
1390	1555897		1
1391	15559190		1
1392	1556814		1
1393	155689		1
1394	15569250		1
1395	1557383		1
1396	15579200		1
1397	1557998		1
1398	15581137		1
1399	1558222		1
1400	15613241		1
1401	1561505		1
1402	1562039		1
1403	1562045		1
1404	1562642		1
1405	1563352		1
1406	15636404		1
1407	15638528		1
1408	15639713		1
1409	15646137		1
1410	1566042		1
1411	15667008		1
1412	15674437		1
1413	15681707		1
1414	1568951		1
1415	15689833		1
1416	15697051		1
1417	1570170		1
1418	1570348		1
1419	15718962		1
1420	1572271		1
1421	15733420		1
1422	15735446		1
1423	15742		1
1424	15743167		1
1425	15767190		1
1426	1577493		1
1427	15778597		1
1428	157795		1
1429	1577961		1
1430	157798		1
1431	15783686		1
1432	1580799		1
1433	15815237		1
1434	158284		1
1435	1583594		1
1436	1584064		1
1437	15853337		1
1438	15859636		1
1439	1586945		1
1440	1587234		1
1441	1588656		1
1442	15890334		1
1443	1589909		1
1444	159011		1
1445	15904341		1
1446	1590548		1
1447	15908653		1
1448	159370		1
1449	1594083		1
1450	15960720		1
1451	159726		1
1452	1597481		1
1453	159780		1
1454	15991		1
1455	15998942		1
1456	16003147		1
1457	1600541		1
1458	1600988		1
1459	1601416		1
1460	1601577		1
1461	1601664		1
1462	1602568		1
1463	160337		1
1464	1603942		1
1465	160565		1
1466	1606222		1
1467	16067583		1
1468	16069319		1
1469	16069958		1
1470	16092773		1
1471	16100913		1
1472	16106756		1
1473	16107699		1
1474	16108191		1
1475	1610852		1
1476	16108973		1
1477	16109802		1
1478	16114134		1
1479	1613244		1
1480	16142344		1
1481	16151285		1
1482	16152979		1
1483	1617817		1
1484	16209547		1
1485	1621363		1
1486	16217769		1
1487	16245979		1
1488	16251030		1
1489	16254543		1
1490	16257970		1
1491	16258619		1
1492	16264357		1
1493	16266298		1
1494	16279457		1
1495	16288210		1
1496	16288928		1
1497	16304160		1
1498	16305093		1
1499	16306708		1
1500	16307118		1
1501	1631288		1
1502	1631330		1
1503	1631400		1
1504	1631733		1
1505	16319729		1
1506	1632149		1
1507	16329859		1
1508	1633100		1
1509	16345041		1
1510	16376419		1
1511	16379550		1
1512	16383743		1
1513	16385595		1
1514	1639277		1
1515	16395150		1
1516	16396714		1
1517	1639884		1
1518	16399575		1
1519	16425715		1
1520	16430857		1
1521	16433878		1
1522	16437254		1
1523	1643782		1
1524	16442583		1
1525	1644452		1
1526	1644999		1
1527	164534		1
1528	164675		1
1529	1646926		1
1530	16477306		1
1531	164781		1
1532	1648054		1
1533	1649108		1
1534	1649300		1
1535	16499705		1
1536	16500110		1
1537	16509287		1
1538	16512899		1
1539	16514175		1
1540	16516195		1
1541	16525423		1
1542	16534981		1
1543	16536815		1
1544	16545323		1
1545	1655939		1
1546	16566615		1
1547	1657228		1
1548	16572580		1
1549	16572957		1
1550	165789		1
1551	16580725		1
1552	16583238		1
1553	16591767		1
1554	16593547		1
1555	16596651		1
1556	1660724		1
1557	16608415		1
1558	1661965		1
1559	16622685		1
1560	16628226		1
1561	16641600		1
1562	16677326		1
1563	16678513		1
1564	16680791		1
1565	16680861		1
1566	16683574		1
1567	1668930		1
1568	16713474		1
1569	16718001		1
1570	1673136		1
1571	1673750		1
1572	1674102		1
1573	167417		1
1574	16751902		1
1575	1675255		1
1576	1676487		1
1577	1676600		1
1578	16777963		1
1579	16782573		1
1580	16789954		1
1581	16790098		1
1582	16800		1
1583	1680375		1
1584	16805656		1
1585	1681546		1
1586	16826094		1
1587	16834792		1
1588	16838156		1
1589	16872923		1
1590	1687335		1
1591	16874459		1
1592	16879147		1
1593	16883036		1
1594	1689040		1
1595	1690569		1
1596	16914467		1
1597	16916853		1
1598	16926937		1
1599	16942970		1
1600	16947051		1
1601	16948705		1
1602	16962600		1
1603	16968100		1
1604	16968641		1
1605	16974369		1
1606	169843		1
1607	16989237		1
1608	169927		1
1609	17000648		1
1610	17001535		1
1611	17003476		1
1612	17015217		1
1613	17018997		1
1614	17032761		1
1615	17036912		1
1616	1705205		1
1617	1705617		1
1618	17087544		1
1619	1708956		1
1620	1709717		1
1621	1711529		1
1622	17125263		1
1623	17130308		1
1624	17130866		1
1625	17132728		1
1626	17151343		1
1627	17153037		1
1628	17156530		1
1629	17157906		1
1630	17159358		1
1631	17161465		1
1632	17169449		1
1633	17170345		1
1634	17171419		1
1635	171851		1
1636	17190169		1
1637	17196239		1
1638	17198795		1
1639	1720071		1
1640	1720619		1
1641	17206543		1
1642	17208512		1
1643	17218916		1
1644	17224426		1
1645	1723222		1
1646	1723485		1
1647	17241205		1
1648	17243187		1
1649	17247205		1
1650	17256091		1
1651	17266994		1
1652	1726966		1
1653	17272284		1
1654	1728785		1
1655	17289499		1
1656	17292935		1
1657	17315514		1
1658	1732005		1
1659	17339848		1
1660	17347275		1
1661	17347754		1
1662	17389236		1
1663	1740233		1
1664	174025		1
1665	1740784		1
1666	17430718		1
1667	1745312		1
1668	1745402		1
1669	17456385		1
1670	17457445		1
1671	1746209		1
1672	1746432		1
1673	1746811		1
1674	1747222		1
1675	17475146		1
1676	17479416		1
1677	17527788		1
1678	1753078		1
1679	1755097		1
1680	1755339		1
1681	17568735		1
1682	175694		1
1683	17571		1
1684	1758019		1
1685	17592620		1
1686	17601262		1
1687	17604079		1
1688	17616305		1
1689	17618198		1
1690	1763458		1
1691	17658078		1
1692	17671787		1
1693	17681072		1
1694	17682043		1
1695	17682312		1
1696	176836		1
1697	17711637		1
1698	17719747		1
1699	17730490		1
1700	17737666		1
1701	17739111		1
1702	1774431		1
1703	177536		1
1704	177712		1
1705	177724		1
1706	17773625		1
1707	17781037		1
1708	17791294		1
1709	17791467		1
1710	178043		1
1711	17820079		1
1712	17820464		1
1713	17842194		1
1714	17845064		1
1715	1785016		1
1716	178551		1
1717	17866326		1
1718	1786901		1
1719	1787284		1
1720	17874864		1
1721	178784		1
1722	17885257		1
1723	17891224		1
1724	17891677		1
1725	179020		1
1726	17906693		1
1727	17920050		1
1728	17920926		1
1729	1792568		1
1730	179296		1
1731	17930		1
1732	17943391		1
1733	17953139		1
1734	1797637		1
1735	1797859		1
1736	18007776		1
1737	180083		1
1738	18008945		1
1739	18018059		1
1740	18032197		1
1741	1803302		1
1742	18038832		1
1743	180416		1
1744	18041691		1
1745	18051675		1
1746	181167		1
1747	1812871		1
1748	1816331		1
1749	18174		1
1750	181756		1
1751	1818792		1
1752	1821771		1
1753	1822729		1
1754	1828506		1
1755	1830890		1
1756	1832751		1
1757	1834769		1
1758	1834942		1
1759	1840564		1
1760	1840766		1
1761	184110		1
1762	1841580		1
1763	1842714		1
1764	1845333		1
1765	1846051		1
1766	184883		1
1767	18566028		1
1768	1856604		1
1769	185753		1
1770	1859395		1
1771	185978		1
1772	186084		1
1773	1862491		1
1774	1863447		1
1775	1863713		1
1776	1866033		1
1777	1866728		1
1778	1866827		1
1779	1869332		1
1780	1869567		1
1781	1873589		1
1782	1874429		1
1783	1887999		1
1784	18946		1
1785	1895793		1
1786	1895957		1
1787	1896642		1
1788	1900800		1
1789	1903758		1
1790	1906150		1
1791	1906804		1
1792	1908073		1
1793	1908631		1
1794	1910452		1
1795	1925503		1
1796	192750		1
1797	1928213		1
1798	1929442		1
1799	1930204		1
1800	1931205		1
1801	193360		1
1802	1935291		1
1803	1935605		1
1804	193637		1
1805	193722		1
1806	1939680		1
1807	1939728		1
1808	19402		1
1809	194918		1
1810	195137		1
1811	195168		1
1812	1952186		1
1813	195783		1
1814	195932		1
1815	1960128		1
1816	1960189		1
1817	1964249		1
1818	1965972		1
1819	1967871		1
1820	1968502		1
1821	1970839		1
1822	1971142		1
1823	197156		1
1824	1974637		1
1825	197755		1
1826	1981742		1
1827	1982209		1
1828	1985717		1
1829	1985759		1
1830	1989327		1
1831	199392		1
1832	1995093		1
1833	1996265		1
1834	1998676		1
1835	2001830		1
1836	200243		1
1837	2005740		1
1838	2006712		1
1839	2009585		1
1840	201297		1
1841	2013117		1
1842	2014720		1
1843	2017752		1
1844	2018042		1
1845	2019832		1
1846	2020556		1
1847	2021121		1
1848	202249		1
1849	202507		1
1850	2027134		1
1851	2034361		1
1852	2035472		1
1853	2042864		1
1854	2044302		1
1855	204724		1
1856	2047776		1
1857	2050328		1
1858	2051961		1
1859	2052364		1
1860	2055073		1
1861	2058589		1
1862	2059155		1
1863	2061760		1
1864	2065453		1
1865	207124		1
1866	2074433		1
1867	2076827		1
1868	2078796		1
1869	2082345		1
1870	2085639		1
1871	2087636		1
1872	2090668		1
1873	20950		1
1874	209647		1
1875	2100968		1
1876	2102889		1
1877	2103888		1
1878	2107905		1
1879	2108853		1
1880	2110601		1
1881	2111060		1
1882	2116807		1
1883	2117078		1
1884	211877		1
1885	21188		1
1886	21207		1
1887	2120889		1
1888	2124690		1
1889	212572		1
1890	212722		1
1891	212738		1
1892	2127723		1
1893	213020		1
1894	2132620		1
1895	213266		1
1896	2135948		1
1897	2140820		1
1898	2141109		1
1899	214148		1
1900	214287		1
1901	2147438		1
1902	21475		1
1903	214794		1
1904	2148881		1
1905	2151325		1
1906	2153455		1
1907	2155360		1
1908	2155832		1
1909	2155917		1
1910	215764		1
1911	2164138		1
1912	2164452		1
1913	2165401		1
1914	2165711		1
1915	2168251		1
1916	2168468		1
1917	2169825		1
1918	2172525		1
1919	2175110		1
1920	2177462		1
1921	218404		1
1922	2184470		1
1923	21904		1
1924	2195782		1
1925	2196224		1
1926	2199502		1
1927	2203885		1
1928	2204078		1
1929	2205455		1
1930	2213809		1
1931	2214774		1
1932	2216673		1
1933	221873		1
1934	2220859		1
1935	2228665		1
1936	2229582		1
1937	2230103		1
1938	2233165		1
1939	2233907		1
1940	2237267		1
1941	2240143		1
1942	2243431		1
1943	2246071		1
1944	2246253		1
1945	2248545		1
1946	2248897		1
1947	2252261		1
1948	2257289		1
1949	2257960		1
1950	2259061		1
1951	2259113		1
1952	2261381		1
1953	2261678		1
1954	2265389		1
1955	2266169		1
1956	226697		1
1957	2267508		1
1958	2267864		1
1959	2268393		1
1960	2269517		1
1961	2270183		1
1962	2270624		1
1963	2272846		1
1964	2273886		1
1965	2274545		1
1966	2275401		1
1967	2275829		1
1968	2276842		1
1969	2277487		1
1970	227908		1
1971	228012		1
1972	2282355		1
1973	228583		1
1974	2285974		1
1975	2286224		1
1976	2287727		1
1977	2291000		1
1978	2293050		1
1979	2294061		1
1980	2297544		1
1981	2298239		1
1982	2301618		1
1983	2301624		1
1984	2305477		1
1985	2306962		1
1986	2308616		1
1987	2311767		1
1988	2316542		1
1989	2316922		1
1990	2317686		1
1991	2319102		1
1992	2321321		1
1993	2321783		1
1994	2321870		1
1995	2323652		1
1996	2325861		1
1997	23276		1
1998	2332430		1
1999	2333018		1
2000	2333304		1
2001	2334269		1
2002	2335233		1
2003	2335775		1
2004	2335804		1
2005	2338762		1
2006	2339722		1
2007	2341078		1
2008	2343136		1
2009	2348973		1
2010	234918		1
2011	2349977		1
2012	2354167		1
2013	2355439		1
2014	2356449		1
2015	2357027		1
2016	2360794		1
2017	2361715		1
2018	23619		1
2019	2362862		1
2020	2363988		1
2021	2363997		1
2022	236655		1
2023	2368133		1
2024	2368753		1
2025	2369681		1
2026	2371814		1
2027	237329		1
2028	2373697		1
2029	2373905		1
2030	2374190		1
2031	237477		1
2032	2378357		1
2033	2382189		1
2034	2382974		1
2035	2389494		1
2036	239208		1
2037	2393537		1
2038	2396295		1
2039	2396741		1
2040	2397411		1
2041	2397437		1
2042	239829		1
2043	2401823		1
2044	240360		1
2045	240471		1
2046	2413155		1
2047	2413714		1
2048	241593		1
2049	2416036		1
2050	2420592		1
2051	2420670		1
2052	2423042		1
2053	2423067		1
2054	2423401		1
2055	2424873		1
2056	2426404		1
2057	2426779		1
2058	2427385		1
2059	2427868		1
2060	2429432		1
2061	2431528		1
2062	2436633		1
2063	2438262		1
2064	2440317		1
2065	244071		1
2066	2442340		1
2067	2442348		1
2068	2443535		1
2069	2448006		1
2070	2450605		1
2071	2450665		1
2072	2455462		1
2073	245881		1
2074	2459648		1
2075	2462260		1
2076	2462590		1
2077	2468616		1
2078	2471671		1
2079	2472305		1
2080	2472358		1
2081	2472680		1
2082	247432		1
2083	2480939		1
2084	2483236		1
2085	2483293		1
2086	2483766		1
2087	2484383		1
2088	2484654		1
2089	2487309		1
2090	2487319		1
2091	248739		1
2092	2490471		1
2093	2490915		1
2094	2490963		1
2095	2492286		1
2096	249372		1
2097	2494666		1
2098	2495668		1
2099	2495836		1
2100	2496464		1
2101	249753		1
2102	2498724		1
2103	25100		1
2104	2510744		1
2105	2513726		1
2106	2515124		1
2107	251842		1
2108	2519356		1
2109	2521513		1
2110	2521848		1
2111	2522854		1
2112	252361		1
2113	252365		1
2114	2528671		1
2115	2529788		1
2116	2530670		1
2117	25326		1
2118	2533026		1
2119	2533833		1
2120	253385		1
2121	2533991		1
2122	2534076		1
2123	2538544		1
2124	2539525		1
2125	2542888		1
2126	2542895		1
2127	2543761		1
2128	2548224		1
2129	2553182		1
2130	2554853		1
2131	255583		1
2132	2556498		1
2133	2556784		1
2134	256239		1
2135	2562882		1
2136	2563132		1
2137	25632		1
2138	2571		1
2139	2572253		1
2140	2574806		1
2141	2576980		1
2142	2577135		1
2143	2577615		1
2144	258164		1
2145	2582890		1
2146	2588427		1
2147	2589521		1
2148	2590219		1
2149	2590864		1
2150	2594389		1
2151	2597159		1
2152	2605064		1
2153	260709		1
2154	2609535		1
2155	261530		1
2156	2617850		1
2157	2618273		1
2158	2620162		1
2159	262138		1
2160	2621935		1
2161	2624738		1
2162	262812		1
2163	2630351		1
2164	2631234		1
2165	263414		1
2166	263500		1
2167	263510		1
2168	2635819		1
2169	2637408		1
2170	2637874		1
2171	26394		1
2172	2640100		1
2173	2640845		1
2174	2641574		1
2175	2644519		1
2176	2645592		1
2177	2647043		1
2178	2648088		1
2179	264928		1
2180	265109		1
2181	2653156		1
2182	2653648		1
2183	265525		1
2184	2656209		1
2185	2656413		1
2186	2657134		1
2187	266210		1
2188	266878		1
2189	2671491		1
2190	2673168		1
2191	2674637		1
2192	2675913		1
2193	267593		1
2194	2676438		1
2195	267955		1
2196	268014		1
2197	2681844		1
2198	2682735		1
2199	2684478		1
2200	2687009		1
2201	2687435		1
2202	2687920		1
2203	2693076		1
2204	2694253		1
2205	2694451		1
2206	269710		1
2207	2698515		1
2208	270064		1
2209	2702563		1
2210	2706505		1
2211	2707053		1
2212	2707940		1
2213	2712129		1
2214	2712998		1
2215	2714164		1
2216	2715062		1
2217	2717428		1
2218	2719126		1
2219	272006		1
2220	2723812		1
2221	272730		1
2222	2731594		1
2223	2733465		1
2224	2737373		1
2225	2739024		1
2226	2739598		1
2227	2740824		1
2228	274557		1
2229	274702		1
2230	274782		1
2231	2750389		1
2232	2753256		1
2233	275459		1
2234	275563		1
2235	2755668		1
2236	275578		1
2237	275582		1
2238	275744		1
2239	2757621		1
2240	276291		1
2241	2765234		1
2242	2765870		1
2243	2766490		1
2244	2770596		1
2245	2770788		1
2246	2770985		1
2247	2773585		1
2248	277394		1
2249	2775107		1
2250	2775674		1
2251	277747		1
2252	2780717		1
2253	2786764		1
2254	2787		1
2255	2788488		1
2256	2790324		1
2257	2793778		1
2258	279797		1
2259	2798644		1
2260	2805766		1
2261	2805772		1
2262	2806561		1
2263	2808971		1
2264	281229		1
2265	2817397		1
2266	281764		1
2267	2818232		1
2268	2822805		1
2269	282315		1
2270	282655		1
2271	2828813		1
2272	2829145		1
2273	282927		1
2274	283215		1
2275	2834840		1
2276	283604		1
2277	2837527		1
2278	2838861		1
2279	2839267		1
2280	2840710		1
2281	2841152		1
2282	2841175		1
2283	2841374		1
2284	284224		1
2285	2843987		1
2286	2845		1
2287	2847655		1
2288	2851409		1
2289	2861848		1
2290	2861854		1
2291	2862643		1
2292	286313		1
2293	2868153		1
2294	287122		1
2295	2874433		1
2296	2874587		1
2297	287733		1
2298	2878358		1
2299	288031		1
2300	2885147		1
2301	2885704		1
2302	2886652		1
2303	288711		1
2304	289135		1
2305	289653		1
2306	2897329		1
2307	2897835		1
2308	2899508		1
2309	2899693		1
2310	2902266		1
2311	290662		1
2312	2908554		1
2313	2910509		1
2314	291112		1
2315	2918667		1
2316	2919467		1
2317	2920855		1
2318	2920976		1
2319	292630		1
2320	2926404		1
2321	2926593		1
2322	2927446		1
2323	2929585		1
2324	293130		1
2325	2932668		1
2326	2933058		1
2327	293394		1
2328	2934010		1
2329	2937468		1
2330	2938302		1
2331	2941712		1
2332	2943157		1
2333	295128		1
2334	2954200		1
2335	2954680		1
2336	295760		1
2337	2957827		1
2338	2960326		1
2339	2961266		1
2340	2965915		1
2341	2966937		1
2342	2973437		1
2343	2977901		1
2344	2981156		1
2345	298914		1
2346	2989617		1
2347	2992042		1
2348	2994135		1
2349	299755		1
2350	3002643		1
2351	3003533		1
2352	3003563		1
2353	3007815		1
2354	3008690		1
2355	3010682		1
2356	3011406		1
2357	3016371		1
2358	30193		1
2359	3019795		1
2360	3020145		1
2361	3024659		1
2362	302936		1
2363	3029414		1
2364	3030031		1
2365	3033622		1
2366	3034421		1
2367	303882		1
2368	3039868		1
2369	3043126		1
2370	304493		1
2371	3047107		1
2372	3050955		1
2373	305132		1
2374	3053578		1
2375	305395		1
2376	3055496		1
2377	305591		1
2378	3056690		1
2379	306394		1
2380	3065891		1
2381	306825		1
2382	3073291		1
2383	307962		1
2384	3086048		1
2385	3088389		1
2386	3091205		1
2387	309329		1
2388	3097033		1
2389	3102648		1
2390	310458		1
2391	3106826		1
2392	3114411		1
2393	3117671		1
2394	3119145		1
2395	3120156		1
2396	3126588		1
2397	3129017		1
2398	3129020		1
2399	3130534		1
2400	3130728		1
2401	3130819		1
2402	3131199		1
2403	313317		1
2404	3136117		1
2405	3136147		1
2406	314256		1
2407	314377		1
2408	315401		1
2409	315606		1
2410	315654		1
2411	3158530		1
2412	315918		1
2413	3159197		1
2414	3166165		1
2415	3166753		1
2416	317692		1
2417	317809		1
2418	3179866		1
2419	3179895		1
2420	3179968		1
2421	3180741		1
2422	3181226		1
2423	3181665		1
2424	318435		1
2425	3185905		1
2426	3187531		1
2427	3187645		1
2428	319092		1
2429	3194190		1
2430	3196987		1
2431	3198479		1
2432	3199395		1
2433	3200135		1
2434	3201337		1
2435	3202825		1
2436	320284		1
2437	320285		1
2438	320422		1
2439	32045		1
2440	320450		1
2441	320538		1
2442	3206521		1
2443	320761		1
2444	3211592		1
2445	3217480		1
2446	321756		1
2447	321934		1
2448	3225114		1
2449	322884		1
2450	3228992		1
2451	3229099		1
2452	322934		1
2453	3235547		1
2454	3237504		1
2455	3237558		1
2456	3239771		1
2457	3241305		1
2458	324460		1
2459	3245431		1
2460	3245898		1
2461	3247050		1
2462	325389		1
2463	325455		1
2464	3257486		1
2465	325790		1
2466	3260084		1
2467	326150		1
2468	3262771		1
2469	326329		1
2470	3267818		1
2471	32704		1
2472	3270460		1
2473	3272526		1
2474	3274316		1
2475	3274376		1
2476	327900		1
2477	3280997		1
2478	3289988		1
2479	3290436		1
2480	3291022		1
2481	3293368		1
2482	3294551		1
2483	3298062		1
2484	3301845		1
2485	330347		1
2486	3312204		1
2487	3312524		1
2488	331328		1
2489	3319410		1
2490	3320650		1
2491	332189		1
2492	3321910		1
2493	3323929		1
2494	3327668		1
2495	3330412		1
2496	3330459		1
2497	3336010		1
2498	3339701		1
2499	3341426		1
2500	3343848		1
2501	3349838		1
2502	3351261		1
2503	3351317		1
2504	3355679		1
2505	3360223		1
2506	3361696		1
2507	3363749		1
2508	3370705		1
2509	337159		1
2510	3371859		1
2511	3375455		1
2512	3376141		1
2513	3377231		1
2514	33816		1
2515	3383354		1
2516	338454		1
2517	3388950		1
2518	3389163		1
2519	3390362		1
2520	3395227		1
2521	339586		1
2522	3398752		1
2523	3403890		1
2524	3404680		1
2525	340692		1
2526	3411621		1
2527	3416555		1
2528	3417321		1
2529	3417714		1
2530	3419446		1
2531	341981		1
2532	342054		1
2533	3425965		1
2534	342599		1
2535	343250		1
2536	3432742		1
2537	3435970		1
2538	3447309		1
2539	3447539		1
2540	3458692		1
2541	3458785		1
2542	3462232		1
2543	3463555		1
2544	346356		1
2545	346366		1
2546	3467798		1
2547	347036		1
2548	3470583		1
2549	3472148		1
2550	3480879		1
2551	3481965		1
2552	3483450		1
2553	3483960		1
2554	3490818		1
2555	3493470		1
2556	3496628		1
2557	3502638		1
2558	350553		1
2559	350702		1
2560	352168		1
2561	352230		1
2562	3526444		1
2563	3530446		1
2564	35375		1
2565	3538661		1
2566	353965		1
2567	3540041		1
2568	3540714		1
2569	3541525		1
2570	3541594		1
2571	3542562		1
2572	354330		1
2573	3543836		1
2574	3546135		1
2575	3547817		1
2576	354887		1
2577	3549531		1
2578	355548		1
2579	3558158		1
2580	3561489		1
2581	3562322		1
2582	3562864		1
2583	3563304		1
2584	3569392		1
2585	3576466		1
2586	3577509		1
2587	3577848		1
2588	3578009		1
2589	3578480		1
2590	3579116		1
2591	3587751		1
2592	3588028		1
2593	3588693		1
2594	359447		1
2595	3595395		1
2596	3597177		1
2597	3598306		1
2598	3599914		1
2599	3605606		1
2600	3606458		1
2601	3608781		1
2602	3609048		1
2603	3609524		1
2604	3619427		1
2605	3627104		1
2606	3627583		1
2607	3630531		1
2608	3636235		1
2609	363834		1
2610	3640784		1
2611	3641304		1
2612	3642035		1
2613	3642625		1
2614	364351		1
2615	3644693		1
2616	364499		1
2617	364955		1
2618	365153		1
2619	3655542		1
2620	3659439		1
2621	3662459		1
2622	3663033		1
2623	3665164		1
2624	3665794		1
2625	3666608		1
2626	3673451		1
2627	3675389		1
2628	368528		1
2629	36897		1
2630	3689829		1
2631	369015		1
2632	3691863		1
2633	3695778		1
2634	3696460		1
2635	3707465		1
2636	3709510		1
2637	3710931		1
2638	3711499		1
2639	3715319		1
2640	3717536		1
2641	3726131		1
2642	3726366		1
2643	3729726		1
2644	373085		1
2645	3730928		1
2646	3731320		1
2647	3737582		1
2648	3738130		1
2649	3740730		1
2650	374305		1
2651	3750402		1
2652	3752523		1
2653	3757699		1
2654	3758251		1
2655	3759301		1
2656	376084		1
2657	3765042		1
2658	3767367		1
2659	3771272		1
2660	377151		1
2661	3771963		1
2662	377287		1
2663	377361		1
2664	3775799		1
2665	3778274		1
2666	3779334		1
2667	3787686		1
2668	37879		1
2669	3793026		1
2670	3798686		1
2671	3801683		1
2672	3805320		1
2673	3805397		1
2674	380728		1
2675	3813161		1
2676	3814039		1
2677	3815537		1
2678	3831783		1
2679	3839667		1
2680	3840659		1
2681	3841446		1
2682	3847832		1
2683	38513		1
2684	3864301		1
2685	3864482		1
2686	3880974		1
2687	3881345		1
2688	3883580		1
2689	3883648		1
2690	3889301		1
2691	3889339		1
2692	3889383		1
2693	3891399		1
2694	3891436		1
2695	3891706		1
2696	3898812		1
2697	389924		1
2698	3899946		1
2699	3902832		1
2700	3905432		1
2701	3905456		1
2702	3906249		1
2703	3912009		1
2704	391325		1
2705	3916070		1
2706	3920171		1
2707	3920265		1
2708	3920522		1
2709	39260		1
2710	39304		1
2711	3936154		1
2712	3941862		1
2713	394752		1
2714	3948178		1
2715	3949235		1
2716	3952560		1
2717	3955766		1
2718	395609		1
2719	3956850		1
2720	3959655		1
2721	3963008		1
2722	3963645		1
2723	396433		1
2724	3964453		1
2725	3964655		1
2726	3965911		1
2727	396599		1
2728	3966721		1
2729	3967827		1
2730	3968209		1
2731	3976338		1
2732	3977494		1
2733	3977693		1
2734	3980927		1
2735	3981706		1
2736	3983140		1
2737	3994331		1
2738	4000059		1
2739	400262		1
2740	4007393		1
2741	40100		1
2742	4015459		1
2743	401696		1
2744	4018660		1
2745	4022922		1
2746	4025188		1
2747	4025280		1
2748	4027283		1
2749	4028092		1
2750	4028305		1
2751	4030621		1
2752	4034995		1
2753	4036685		1
2754	4036700		1
2755	4040811		1
2756	4041877		1
2757	4042938		1
2758	404424		1
2759	4044499		1
2760	4044889		1
2761	4045120		1
2762	4045167		1
2763	4048448		1
2764	4049527		1
2765	4051126		1
2766	405225		1
2767	4059034		1
2768	4061660		1
2769	4064804		1
2770	4065620		1
2771	4066797		1
2772	4067211		1
2773	4069241		1
2774	4070269		1
2775	407078		1
2776	4074918		1
2777	4076876		1
2778	4079140		1
2779	4080758		1
2780	4081688		1
2781	4083145		1
2782	4083654		1
2783	4085497		1
2784	4086839		1
2785	4089511		1
2786	4094151		1
2787	4096786		1
2788	410094		1
2789	4103779		1
2790	4103952		1
2791	4105376		1
2792	4105474		1
2793	4106680		1
2794	4107826		1
2795	4110491		1
2796	4111640		1
2797	4112404		1
2798	4112902		1
2799	4118217		1
2800	4119331		1
2801	4119683		1
2802	4119786		1
2803	4123046		1
2804	4125000		1
2805	412783		1
2806	4128399		1
2807	4130492		1
2808	413336		1
2809	4135221		1
2810	4137875		1
2811	4139790		1
2812	4142684		1
2813	414627		1
2814	4147380		1
2815	4147608		1
2816	4148114		1
2817	4148248		1
2818	4153233		1
2819	4153591		1
2820	4156449		1
2821	415660		1
2822	4158086		1
2823	4160421		1
2824	4160649		1
2825	4166168		1
2826	416918		1
2827	417100		1
2828	4173419		1
2829	4173868		1
2830	417652		1
2831	4182834		1
2832	418289		1
2833	4183222		1
2834	4184612		1
2835	4185064		1
2836	4185151		1
2837	4185342		1
2838	4185984		1
2839	4186145		1
2840	4191006		1
2841	4191076		1
2842	4191209		1
2843	4192794		1
2844	4194142		1
2845	4194894		1
2846	4195861		1
2847	4202236		1
2848	42032		1
2849	4204890		1
2850	420542		1
2851	4210082		1
2852	4211266		1
2853	4224309		1
2854	4224513		1
2855	422561		1
2856	42273		1
2857	4230317		1
2858	4231668		1
2859	4232762		1
2860	4233003		1
2861	4233030		1
2862	4233288		1
2863	4233879		1
2864	4237535		1
2865	4238591		1
2866	4241831		1
2867	4243849		1
2868	4249297		1
2869	4250697		1
2870	4252490		1
2871	4252788		1
2872	4254072		1
2873	4254417		1
2874	425506		1
2875	4255199		1
2876	4255290		1
2877	4255319		1
2878	4259154		1
2879	4265028		1
2880	4265697		1
2881	4265753		1
2882	4266017		1
2883	4267089		1
2884	426725		1
2885	4271822		1
2886	4272748		1
2887	4274268		1
2888	4275254		1
2889	4276374		1
2890	4279005		1
2891	4279827		1
2892	4281123		1
2893	4281957		1
2894	4282125		1
2895	4284154		1
2896	4289240		1
2897	4289709		1
2898	4291837		1
2899	4294396		1
2900	4298156		1
2901	4298167		1
2902	4298896		1
2903	4299288		1
2904	4303726		1
2905	4306950		1
2906	430826		1
2907	4311243		1
2908	4311270		1
2909	4313683		1
2910	4314535		1
2911	4317067		1
2912	4319841		1
2913	4320908		1
2914	4323625		1
2915	4324767		1
2916	4327300		1
2917	4328005		1
2918	4330726		1
2919	4331441		1
2920	4331864		1
2921	4334757		1
2922	4335080		1
2923	4336760		1
2924	4341057		1
2925	4344588		1
2926	434473		1
2927	4345336		1
2928	4345735		1
2929	4348003		1
2930	434987		1
2931	4350748		1
2932	4352069		1
2933	4355788		1
2934	4356301		1
2935	4358264		1
2936	4358702		1
2937	4358812		1
2938	4363412		1
2939	4365496		1
2940	436599		1
2941	4372160		1
2942	4372934		1
2943	4373782		1
2944	4374828		1
2945	4375496		1
2946	4375988		1
2947	4376062		1
2948	4383196		1
2949	4389865		1
2950	4390058		1
2951	4390639		1
2952	4390881		1
2953	4392420		1
2954	4393358		1
2955	4393792		1
2956	4396		1
2957	4401275		1
2958	4401623		1
2959	4401973		1
2960	440396		1
2961	4413463		1
2962	4414425		1
2963	4417252		1
2964	4419367		1
2965	4420306		1
2966	4421935		1
2967	4422368		1
2968	4422817		1
2969	4425467		1
2970	4425694		1
2971	44263		1
2972	4427756		1
2973	4428278		1
2974	4431107		1
2975	4432173		1
2976	4434798		1
2977	4435623		1
2978	4438960		1
2979	4439578		1
2980	4440548		1
2981	4441020		1
2982	4442608		1
2983	4444170		1
2984	4445677		1
2985	4446767		1
2986	4451246		1
2987	4453107		1
2988	4459052		1
2989	4460034		1
2990	4461145		1
2991	4467554		1
2992	4469832		1
2993	4473860		1
2994	447754		1
2995	4481005		1
2996	4482351		1
2997	4487224		1
2998	4494343		1
2999	449787		1
3000	450050		1
3001	4504962		1
3002	451545		1
3003	4517005		1
3004	4524130		1
3005	4532557		1
3006	453519		1
3007	4538664		1
3008	4540899		1
3009	454250		1
3010	4543792		1
3011	4543994		1
3012	45445		1
3013	454756		1
3014	4549281		1
3015	455017		1
3016	4555996		1
3017	456638		1
3018	45682		1
3019	4572968		1
3020	458021		1
3021	4581489		1
3022	4581902		1
3023	4590460		1
3024	459054		1
3025	4600589		1
3026	4601412		1
3027	4612212		1
3028	4616773		1
3029	4617159		1
3030	4618666		1
3031	4619132		1
3032	4622027		1
3033	4622733		1
3034	4623045		1
3035	4623093		1
3036	462776		1
3037	4628887		1
3038	4629954		1
3039	4630562		1
3040	4632		1
3041	4634013		1
3042	4636483		1
3043	4644172		1
3044	4645357		1
3045	465278		1
3046	4655169		1
3047	465589		1
3048	4656534		1
3049	4660888		1
3050	4665764		1
3051	4670155		1
3052	4677362		1
3053	4684532		1
3054	468752		1
3055	4690301		1
3056	469098		1
3057	4691967		1
3058	4693453		1
3059	4704914		1
3060	4705358		1
3061	470870		1
3062	471928		1
3063	4731046		1
3064	473113		1
3065	4746193		1
3066	4751930		1
3067	475916		1
3068	47610		1
3069	47618		1
3070	4765670		1
3071	477140		1
3072	47727		1
3073	4782600		1
3074	478395		1
3075	4783987		1
3076	478717		1
3077	4797532		1
3078	4797813		1
3079	4803115		1
3080	4808242		1
3081	480923		1
3082	480943		1
3083	483013		1
3084	4834187		1
3085	4836650		1
3086	4837614		1
3087	4843750		1
3088	4848828		1
3089	4855335		1
3090	485738		1
3091	4869		1
3092	4872812		1
3093	4888599		1
3094	4888892		1
3095	489400		1
3096	4894525		1
3097	4903508		1
3098	4904811		1
3099	4906960		1
3100	4910820		1
3101	4911550		1
3102	4912237		1
3103	4922378		1
3104	4924435		1
3105	4928687		1
3106	4929807		1
3107	4930847		1
3108	4936720		1
3109	4937803		1
3110	4938247		1
3111	4938485		1
3112	4950369		1
3113	4954283		1
3114	4955205		1
3115	4955560		1
3116	4957149		1
3117	4963379		1
3118	496465		1
3119	4965107		1
3120	49670		1
3121	4970027		1
3122	4970579		1
3123	4976428		1
3124	4976872		1
3125	4980428		1
3126	4992804		1
3127	4995411		1
3128	5008954		1
3129	50124		1
3130	50148		1
3131	5018907		1
3132	5019619		1
3133	5025046		1
3134	5032943		1
3135	503800		1
3136	5048868		1
3137	5052897		1
3138	5062254		1
3139	5064855		1
3140	5067409		1
3141	506779		1
3142	506909		1
3143	507186		1
3144	5072123		1
3145	507304		1
3146	5074654		1
3147	5076827		1
3148	5078978		1
3149	5081260		1
3150	50846		1
3151	5089		1
3152	509341		1
3153	5097458		1
3154	509918		1
3155	5109475		1
3156	5110818		1
3157	5117939		1
3158	511993		1
3159	5138312		1
3160	5140244		1
3161	5149997		1
3162	515946		1
3163	516347		1
3164	5175067		1
3165	517966		1
3166	5186189		1
3167	5189987		1
3168	5191738		1
3169	520189		1
3170	520279		1
3171	5202854		1
3172	52043		1
3173	5207582		1
3174	5214644		1
3175	522065		1
3176	5220670		1
3177	522164		1
3178	5225737		1
3179	5229579		1
3180	5230482		1
3181	5231131		1
3182	523218		1
3183	52394		1
3184	5239845		1
3185	5243122		1
3186	5243832		1
3187	5243858		1
3188	5245246		1
3189	524575		1
3190	52615		1
3191	526653		1
3192	526805		1
3193	5268463		1
3194	5268970		1
3195	5278115		1
3196	5278391		1
3197	5283121		1
3198	5283769		1
3199	5283853		1
3200	5286584		1
3201	5289072		1
3202	5293735		1
3203	530032		1
3204	5308961		1
3205	5309364		1
3206	5309521		1
3207	532819		1
3208	5333736		1
3209	5334697		1
3210	5339881		1
3211	5341060		1
3212	534328		1
3213	5350359		1
3214	535128		1
3215	5352357		1
3216	5352610		1
3217	5354308		1
3218	5364702		1
3219	5374768		1
3220	5378922		1
3221	5386695		1
3222	5392354		1
3223	5407403		1
3224	5418972		1
3225	5422083		1
3226	542611		1
3227	5434492		1
3228	5435074		1
3229	5435208		1
3230	5435713		1
3231	5438325		1
3232	5444717		1
3233	5446918		1
3234	5447617		1
3235	5453550		1
3236	5454390		1
3237	5454862		1
3238	545600		1
3239	5464042		1
3240	5466191		1
3241	5468033		1
3242	5468901		1
3243	547177		1
3244	547386		1
3245	5479559		1
3246	5480570		1
3247	5481728		1
3248	5497326		1
3249	550520		1
3250	5508109		1
3251	5512719		1
3252	55176		1
3253	5520355		1
3254	5523186		1
3255	552343		1
3256	552453		1
3257	552679		1
3258	5529633		1
3259	5531489		1
3260	5533135		1
3261	5535265		1
3262	5536387		1
3263	5561816		1
3264	5563508		1
3265	5569141		1
3266	5577926		1
3267	5579700		1
3268	5585945		1
3269	5591685		1
3270	5593208		1
3271	5596242		1
3272	5604089		1
3273	5605755		1
3274	5606448		1
3275	56094		1
3276	56104		1
3277	5622682		1
3278	56246		1
3279	562614		1
3280	56284		1
3281	5641042		1
3282	5644215		1
3283	5647813		1
3284	56512		1
3285	5652395		1
3286	5654072		1
3287	5654454		1
3288	5655889		1
3289	5658953		1
3290	5662533		1
3291	5663597		1
3292	5664550		1
3293	5668550		1
3294	5668786		1
3295	567187		1
3296	567226		1
3297	5679237		1
3298	568103		1
3299	5681729		1
3300	5682003		1
3301	568325		1
3302	5684941		1
3303	568568		1
3304	568585		1
3305	5691429		1
3306	56920		1
3307	5693756		1
3308	5707409		1
3309	570882		1
3310	5709288		1
3311	570988		1
3312	571080		1
3313	5714455		1
3314	5716241		1
3315	571952		1
3316	5719998		1
3317	5720054		1
3318	5722995		1
3319	572527		1
3320	573065		1
3321	573316		1
3322	574584		1
3323	5749899		1
3324	5751206		1
3325	576056		1
3326	5760970		1
3327	5761173		1
3328	5768571		1
3329	5772472		1
3330	5783747		1
3331	579412		1
3332	5810195		1
3333	5810978		1
3334	5817011		1
3335	5822377		1
3336	582598		1
3337	58366		1
3338	5837033		1
3339	5848607		1
3340	585166		1
3341	585273		1
3342	585458		1
3343	5855145		1
3344	585879		1
3345	5861233		1
3346	5862053		1
3347	586409		1
3348	5867023		1
3349	5872605		1
3350	5879729		1
3351	588270		1
3352	5887081		1
3353	588899		1
3354	5894425		1
3355	5895535		1
3356	5897760		1
3357	59023		1
3358	5905011		1
3359	5907325		1
3360	5909206		1
3361	5912572		1
3362	593115		1
3363	5938496		1
3364	5943212		1
3365	5944682		1
3366	5944756		1
3367	5957620		1
3368	5962196		1
3369	5971251		1
3370	5972975		1
3371	5976214		1
3372	598167		1
3373	598770		1
3374	5993276		1
3375	599354		1
3376	6001762		1
3377	6002245		1
3378	60049		1
3379	6010467		1
3380	6012816		1
3381	6016424		1
3382	60252		1
3383	60278		1
3384	6030235		1
3385	6032480		1
3386	6041		1
3387	6045456		1
3388	6046616		1
3389	6048514		1
3390	6055938		1
3391	6057624		1
3392	6060700		1
3393	6064192		1
3394	6064963		1
3395	6083756		1
3396	6088518		1
3397	6093878		1
3398	6105036		1
3399	611137		1
3400	6118355		1
3401	6121678		1
3402	6122006		1
3403	6122499		1
3404	6131397		1
3405	6133754		1
3406	6136511		1
3407	6142196		1
3408	6144668		1
3409	6145540		1
3410	6145679		1
3411	6146050		1
3412	6150328		1
3413	6153186		1
3414	6158233		1
3415	6163192		1
3416	6164428		1
3417	6166889		1
3418	616825		1
3419	6169516		1
3420	617127		1
3421	617671		1
3422	617990		1
3423	6180052		1
3424	6183406		1
3425	61873		1
3426	619154		1
3427	6194434		1
3428	6194657		1
3429	6196141		1
3430	6197784		1
3431	620218		1
3432	620288		1
3433	6209044		1
3434	6212988		1
3435	62165		1
3436	6216882		1
3437	621971		1
3438	6222620		1
3439	622460		1
3440	6228539		1
3441	622866		1
3442	6230230		1
3443	62316		1
3444	6233644		1
3445	62407		1
3446	6242426		1
3447	6243156		1
3448	6245239		1
3449	6245535		1
3450	62508		1
3451	6256118		1
3452	62583		1
3453	626289		1
3454	6263282		1
3455	6263540		1
3456	6270968		1
3457	6273146		1
3458	627678		1
3459	627898		1
3460	6280254		1
3461	62855		1
3462	6286114		1
3463	6294856		1
3464	6298986		1
3465	630453		1
3466	6305367		1
3467	6305477		1
3468	6309019		1
3469	6309691		1
3470	6313448		1
3471	6321587		1
3472	632334		1
3473	6326737		1
3474	6327260		1
3475	63318		1
3476	6334250		1
3477	634096		1
3478	63588		1
3479	63613		1
3480	636319		1
3481	6364557		1
3482	6369087		1
3483	6375533		1
3484	6376776		1
3485	6385492		1
3486	638721		1
3487	6387355		1
3488	6387598		1
3489	6388666		1
3490	6390340		1
3491	63924		1
3492	6394282		1
3493	6395317		1
3494	6396561		1
3495	64056		1
3496	6407125		1
3497	6414252		1
3498	6414296		1
3499	6414916		1
3500	6415261		1
3501	6436296		1
3502	6444977		1
3503	6445684		1
3504	6447462		1
3505	6447895		1
3506	6447944		1
3507	644941		1
3508	64522		1
3509	6457253		1
3510	645887		1
3511	6459215		1
3512	6467086		1
3513	6470443		1
3514	6471326		1
3515	6472794		1
3516	6474981		1
3517	6482637		1
3518	6483295		1
3519	6491377		1
3520	6494389		1
3521	6499364		1
3522	6501414		1
3523	6504434		1
3524	65064		1
3525	65091		1
3526	6509406		1
3527	651390		1
3528	6514245		1
3529	652092		1
3530	6525255		1
3531	6527494		1
3532	652842		1
3533	6530413		1
3534	6531502		1
3535	6532132		1
3536	6533489		1
3537	653405		1
3538	6542088		1
3539	6544987		1
3540	6547579		1
3541	6554341		1
3542	656841		1
3543	6575712		1
3544	6581587		1
3545	6582962		1
3546	65837		1
3547	6599585		1
3548	66035		1
3549	66193		1
3550	66243		1
3551	6625516		1
3552	6626827		1
3553	66329		1
3554	663384		1
3555	6638763		1
3556	6642777		1
3557	665013		1
3558	6653718		1
3559	6655162		1
3560	666271		1
3561	666862		1
3562	6672450		1
3563	667627		1
3564	6676776		1
3565	6682511		1
3566	6683775		1
3567	668564		1
3568	6688471		1
3569	6706578		1
3570	6706914		1
3571	6707119		1
3572	6714376		1
3573	671579		1
3574	6716330		1
3575	6717488		1
3576	67180		1
3577	6718172		1
3578	6721198		1
3579	6723969		1
3580	672510		1
3581	6726808		1
3582	673406		1
3583	674970		1
3584	6755111		1
3585	6757150		1
3586	6762247		1
3587	6762657		1
3588	6771815		1
3589	6774871		1
3590	6776157		1
3591	6781477		1
3592	6789600		1
3593	6789857		1
3594	6790494		1
3595	6806417		1
3596	680818		1
3597	6819812		1
3598	6824711		1
3599	6828085		1
3600	683027		1
3601	683230		1
3602	683794		1
3603	683975		1
3604	6841194		1
3605	684129		1
3606	6846161		1
3607	684629		1
3608	6854214		1
3609	6854750		1
3610	68599		1
3611	686147		1
3612	686494		1
3613	6866353		1
3614	6866620		1
3615	686768		1
3616	6873370		1
3617	687361		1
3618	6881792		1
3619	6882340		1
3620	6893861		1
3621	689661		1
3622	6897732		1
3623	6901734		1
3624	6903334		1
3625	6910298		1
3626	6911276		1
3627	6912221		1
3628	693889		1
3629	69439		1
3630	6949594		1
3631	6957798		1
3632	6959061		1
3633	6959160		1
3634	696306		1
3635	6964353		1
3636	696482		1
3637	69685		1
3638	6970030		1
3639	6970732		1
3640	6970733		1
3641	6970929		1
3642	69829		1
3643	6986713		1
3644	6989380		1
3645	6989825		1
3646	6991947		1
3647	69942		1
3648	699759		1
3649	70091		1
3650	7009234		1
3651	7009551		1
3652	7016230		1
3653	7020798		1
3654	7021990		1
3655	7022451		1
3656	70234		1
3657	7027562		1
3658	7028387		1
3659	703156		1
3660	7041410		1
3661	7055547		1
3662	70614		1
3663	706191		1
3664	706418		1
3665	706623		1
3666	7069480		1
3667	7089676		1
3668	7090408		1
3669	7092157		1
3670	709334		1
3671	709434		1
3672	7096230		1
3673	7096964		1
3674	7101220		1
3675	7105630		1
3676	7107807		1
3677	7111113		1
3678	7120328		1
3679	7125872		1
3680	712590		1
3681	7127362		1
3682	7132792		1
3683	7138163		1
3684	7139147		1
3685	714200		1
3686	71512		1
3687	715807		1
3688	716064		1
3689	716306		1
3690	7165563		1
3691	7169746		1
3692	7171571		1
3693	717562		1
3694	7178784		1
3695	7181895		1
3696	7183070		1
3697	718349		1
3698	7187069		1
3699	71876		1
3700	7192		1
3701	720320		1
3702	720558		1
3703	7205838		1
3704	721267		1
3705	721833		1
3706	7220851		1
3707	722320		1
3708	7228995		1
3709	7229763		1
3710	7236564		1
3711	7239405		1
3712	7240751		1
3713	7249524		1
3714	7250241		1
3715	7250500		1
3716	7251483		1
3717	726333		1
3718	727114		1
3719	7273689		1
3720	72747		1
3721	727585		1
3722	7281456		1
3723	7281500		1
3724	7304881		1
3725	73051		1
3726	7308715		1
3727	7309046		1
3728	7310		1
3729	7310886		1
3730	73128		1
3731	7317241		1
3732	731855		1
3733	7318649		1
3734	731904		1
3735	7320160		1
3736	7321253		1
3737	7322		1
3738	7324189		1
3739	732985		1
3740	7329934		1
3741	733370		1
3742	7341015		1
3743	7341851		1
3744	73469		1
3745	7351		1
3746	7353062		1
3747	73549		1
3748	7355		1
3749	7356		1
3750	7356757		1
3751	735701		1
3752	7361593		1
3753	7363831		1
3754	737585		1
3755	7387960		1
3756	7388128		1
3757	7388499		1
3758	738918		1
3759	739499		1
3760	7398990		1
3761	7399728		1
3762	740656		1
3763	7409102		1
3764	7419960		1
3765	74303		1
3766	743742		1
3767	7437876		1
3768	7438973		1
3769	745186		1
3770	7451917		1
3771	7455886		1
3772	7458731		1
3773	7458733		1
3774	7460181		1
3775	7460434		1
3776	7461332		1
3777	7463731		1
3778	7465509		1
3779	746552		1
3780	747031		1
3781	7474069		1
3782	7475363		1
3783	747698		1
3784	74777		1
3785	74857		1
3786	7490		1
3787	7520792		1
3788	754675		1
3789	755172		1
3790	7553984		1
3791	7556987		1
3792	7558452		1
3793	7566397		1
3794	757166		1
3795	7573341		1
3796	7576337		1
3797	7579627		1
3798	7580102		1
3799	7581642		1
3800	7591257		1
3801	759883		1
3802	7603226		1
3803	7607092		1
3804	7614595		1
3805	7624316		1
3806	762563		1
3807	762610		1
3808	7628445		1
3809	7629544		1
3810	7633037		1
3811	763420		1
3812	763439		1
3813	7636125		1
3814	7640229		1
3815	7644839		1
3816	7645338		1
3817	7646038		1
3818	7654246		1
3819	7654662		1
3820	7659871		1
3821	76627		1
3822	7665324		1
3823	7670501		1
3824	7672728		1
3825	7676839		1
3826	7681637		1
3827	7681692		1
3828	7683052		1
3829	7683195		1
3830	7691955		1
3831	769247		1
3832	7693917		1
3833	7701933		1
3834	7702		1
3835	7706697		1
3836	7708014		1
3837	770831		1
3838	7714918		1
3839	7720086		1
3840	772300		1
3841	7727015		1
3842	772862		1
3843	7728790		1
3844	7735666		1
3845	773928		1
3846	774128		1
3847	7748022		1
3848	7748180		1
3849	7748646		1
3850	7755092		1
3851	7757648		1
3852	776490		1
3853	776645		1
3854	7776144		1
3855	7777902		1
3856	7779204		1
3857	7784911		1
3858	7793849		1
3859	7801481		1
3860	7809536		1
3861	7815949		1
3862	7821383		1
3863	7831209		1
3864	7833913		1
3865	7837136		1
3866	78460		1
3867	7846216		1
3868	7849107		1
3869	7853594		1
3870	7853680		1
3871	7856381		1
3872	7858210		1
3873	7858405		1
3874	7859118		1
3875	7860852		1
3876	786862		1
3877	787204		1
3878	787261		1
3879	787273		1
3880	78742		1
3881	7879349		1
3882	7880914		1
3883	7881738		1
3884	7889819		1
3885	789257		1
3886	7895068		1
3887	7896605		1
3888	7897301		1
3889	7901999		1
3890	79070		1
3891	791287		1
3892	7915183		1
3893	7919277		1
3894	792159		1
3895	793225		1
3896	793620		1
3897	7938019		1
3898	79402		1
3899	795640		1
3900	795889		1
3901	7959444		1
3902	7964729		1
3903	7974574		1
3904	7977178		1
3905	7978448		1
3906	7988149		1
3907	7989		1
3908	7997061		1
3909	8000315		1
3910	800223		1
3911	800720		1
3912	800982		1
3913	8026393		1
3914	8038118		1
3915	8048803		1
3916	8049757		1
3917	805344		1
3918	806112		1
3919	806214		1
3920	806774		1
3921	8071107		1
3922	8071900		1
3923	8072802		1
3924	808206		1
3925	8083568		1
3926	8088731		1
3927	8092548		1
3928	8092818		1
3929	809716		1
3930	8102595		1
3931	8105524		1
3932	8109174		1
3933	8111912		1
3934	8112314		1
3935	8112941		1
3936	8113165		1
3937	8120180		1
3938	8126811		1
3939	812814		1
3940	8131878		1
3941	81335		1
3942	8135210		1
3943	8136206		1
3944	815741		1
3945	8158276		1
3946	8159536		1
3947	8163133		1
3948	8178950		1
3949	8179855		1
3950	8184930		1
3951	8198		1
3952	820046		1
3953	8212880		1
3954	8214568		1
3955	8219931		1
3956	8222814		1
3957	823392		1
3958	8243983		1
3959	824689		1
3960	825022		1
3961	825252		1
3962	8255208		1
3963	8258307		1
3964	8261145		1
3965	826192		1
3966	826459		1
3967	82685		1
3968	8276592		1
3969	8280182		1
3970	8282962		1
3971	82896		1
3972	8289606		1
3973	8289663		1
3974	8292927		1
3975	829652		1
3976	8300712		1
3977	8301763		1
3978	831185		1
3979	8313953		1
3980	8315861		1
3981	8316059		1
3982	832244		1
3983	8323145		1
3984	8335875		1
3985	8336526		1
3986	8337801		1
3987	833926		1
3988	834185		1
3989	8349905		1
3990	835112		1
3991	8351424		1
3992	8362282		1
3993	8366233		1
3994	836911		1
3995	8373183		1
3996	8384058		1
3997	838704		1
3998	838848		1
3999	840868		1
4000	842125		1
4001	8422502		1
4002	8423479		1
4003	8425		1
4004	8434244		1
4005	844862		1
4006	8455776		1
4007	8457613		1
4008	846050		1
4009	846309		1
4010	846521		1
4011	847230		1
4012	8481739		1
4013	8483704		1
4014	848748		1
4015	8488933		1
4016	8489537		1
4017	848960		1
4018	849492		1
4019	8497788		1
4020	8511789		1
4021	8520430		1
4022	8521063		1
4023	8523970		1
4024	85330		1
4025	8535372		1
4026	854208		1
4027	8548430		1
4028	8548453		1
4029	8552126		1
4030	8568891		1
4031	8597778		1
4032	8605		1
4033	861330		1
4034	8616291		1
4035	8619862		1
4036	8619985		1
4037	8624212		1
4038	8638841		1
4039	864370		1
4040	865264		1
4041	8653725		1
4042	8656650		1
4043	8658146		1
4044	867249		1
4045	8677042		1
4046	8677477		1
4047	8680097		1
4048	8685072		1
4049	8687489		1
4050	8697041		1
4051	869880		1
4052	8703		1
4053	8706294		1
4054	8708720		1
4055	871727		1
4056	872121		1
4057	8726014		1
4058	8730513		1
4059	8739354		1
4060	8740210		1
4061	8741682		1
4062	874471		1
4063	8751800		1
4064	8753908		1
4065	8756595		1
4066	8759781		1
4067	876054		1
4068	8772693		1
4069	8773518		1
4070	8778889		1
4071	8778997		1
4072	8785876		1
4073	8791051		1
4074	8796895		1
4075	8798158		1
4076	8811222		1
4077	88209		1
4078	8821936		1
4079	8822946		1
4080	8830645		1
4081	8838470		1
4082	8844412		1
4083	8867917		1
4084	8873749		1
4085	8882019		1
4086	889106		1
4087	8896180		1
4088	8900383		1
4089	890215		1
4090	8904815		1
4091	8910286		1
4092	8918030		1
4093	8924899		1
4094	8925493		1
4095	893148		1
4096	8934751		1
4097	8937205		1
4098	8943770		1
4099	8951505		1
4100	8955761		1
4101	8956323		1
4102	8967		1
4103	896918		1
4104	8976567		1
4105	8986314		1
4106	898980		1
4107	8989844		1
4108	8998154		1
4109	8998805		1
4110	900154		1
4111	9008935		1
4112	9010955		1
4113	902054		1
4114	9031632		1
4115	9031941		1
4116	903686		1
4117	904833		1
4118	905122		1
4119	9053036		1
4120	9053452		1
4121	9053876		1
4122	906200		1
4123	9072771		1
4124	908514		1
4125	9089934		1
4126	9090698		1
4127	909146		1
4128	909234		1
4129	909577		1
4130	9105586		1
4131	910719		1
4132	9109049		1
4133	911596		1
4134	9117590		1
4135	9119678		1
4136	9122601		1
4137	912541		1
4138	9130465		1
4139	9131167		1
4140	915640		1
4141	915973		1
4142	9162713		1
4143	9173924		1
4144	9177920		1
4145	918543		1
4146	9186542		1
4147	9187795		1
4148	918866		1
4149	9197101		1
4150	920542		1
4151	921500		1
4152	9223085		1
4153	922478		1
4154	92272		1
4155	9229108		1
4156	922922		1
4157	9229424		1
4158	9232106		1
4159	9234456		1
4160	92451		1
4161	9250406		1
4162	9264606		1
4163	926743		1
4164	9268156		1
4165	9269794		1
4166	9271872		1
4167	9284163		1
4168	9293512		1
4169	9306192		1
4170	9306716		1
4171	9306976		1
4172	9317567		1
4173	933263		1
4174	933378		1
4175	9339714		1
4176	9340104		1
4177	9348961		1
4178	9352452		1
4179	9358396		1
4180	936114		1
4181	936630		1
4182	936830		1
4183	9371210		1
4184	9372538		1
4185	9375506		1
4186	938056		1
4187	9381867		1
4188	9389685		1
4189	940724		1
4190	9407785		1
4191	9407818		1
4192	9420221		1
4193	9421493		1
4194	9426702		1
4195	9430366		1
4196	9430658		1
4197	9430973		1
4198	9442045		1
4199	9443112		1
4200	9446761		1
4201	9451697		1
4202	9453400		1
4203	945407		1
4204	945499		1
4205	9462127		1
4206	94669		1
4207	9470293		1
4208	9473928		1
4209	9482259		1
4210	9486005		1
4211	9490594		1
4212	950232		1
4213	9502879		1
4214	9503874		1
4215	950657		1
4216	9509125		1
4217	9510645		1
4218	9520082		1
4219	9520651		1
4220	9522475		1
4221	9523245		1
4222	9524360		1
4223	953279		1
4224	953375		1
4225	9535237		1
4226	953565		1
4227	9538322		1
4228	953843		1
4229	9539641		1
4230	9543143		1
4231	9554965		1
4232	9563216		1
4233	9563358		1
4234	9564410		1
4235	9576121		1
4236	9582999		1
4237	9586465		1
4238	9593224		1
4239	9600781		1
4240	9604972		1
4241	960836		1
4242	9610339		1
4243	9613050		1
4244	961342		1
4245	9615574		1
4246	9622750		1
4247	9630447		1
4248	9634183		1
4249	9637768		1
4250	9644281		1
4251	9644289		1
4252	9646158		1
4253	9652075		1
4254	9665594		1
4255	9671392		1
4256	9685977		1
4257	9689041		1
4258	969279		1
4259	9702964		1
4260	9709235		1
4261	9709464		1
4262	9710466		1
4263	971075		1
4264	9716281		1
4265	9720494		1
4266	97219		1
4267	9725785		1
4268	9729421		1
4269	973438		1
4270	9743617		1
4271	9744172		1
4272	9751988		1
4273	9754117		1
4274	9757249		1
4275	9762099		1
4276	9774018		1
4277	97797		1
4278	9782676		1
4279	9782866		1
4280	9790609		1
4281	9791461		1
4282	9794342		1
4283	9795483		1
4284	9795610		1
4285	9813233		1
4286	9813350		1
4287	9817733		1
4288	9818634		1
4289	9820312		1
4290	9829662		1
4291	9831559		1
4292	9832158		1
4293	9840901		1
4294	9847713		1
4295	9848620		1
4296	9852787		1
4297	9854463		1
4298	9854533		1
4299	9856784		1
4300	9864136		1
4301	9870396		1
4302	9872597		1
4303	9872650		1
4304	9878261		1
4305	988350		1
4306	9888877		1
4307	9906590		1
4308	9909455		1
4309	9912620		1
4310	991380		1
4311	9915185		1
4312	9921108		1
4313	99212		1
4314	9930219		1
4315	9931428		1
4316	9944244		1
4317	9946315		1
4318	9947332		1
4319	9947836		1
4320	9949214		1
4321	9950152		1
4322	9951559		1
4323	9951993		1
4324	9952523		1
4325	9959323		1
4326	9965028		1
4327	9968385		1
4328	997124		1
4329	9975193		1
4330	9990552		1
4331	9991075		1
4332	9991763		1
4333	999689		1
4334	9997988		1
